6.833678510507337212e-01
2.025655731567944651e-01
9.592560660304305653e-01
5.611690904714724537e-01
2.750238849482531389e-01
9.335141153535214675e-01
3.425307095959287951e-01
8.718479494983175648e-01
2.393498871423948016e-01
3.765671481318118019e-01
5.521880835452235292e-01
2.689678128973727045e-01
1.279282505194353492e-01
5.317661998049691974e-01
8.313182157578338227e-01
2.871964610199390089e-01
3.448392923356804474e-01
9.801993179214961716e-01
5.567887207260644455e-01
7.996996532505752375e-01
5.510363605917458774e-01
5.322707917880202810e-01
5.124301802645098158e-01
5.654949773922373080e-01
7.637027985568126676e-01
9.402548758260615980e-01
2.016085325833525399e-01
1.541002669255177038e-01
2.511967168030920794e-01
8.467962306782735871e-01
2.405196846165865709e-01
9.956615462562303787e-01
1.120312213597607354e-01
5.134002163431883314e-01
3.680740149128258754e-02
3.178179549740296483e-01
3.701182972297364371e-01
9.425672354686595034e-01
4.078085132132385215e-01
3.545834064267514574e-01
1.572711343149472141e-01
9.220965846233112329e-01
3.184238863508248585e-02
5.500640533711471658e-01
5.248438601503047085e-01
5.403711668389986622e-01
8.420614510760515703e-02
2.130472690583427031e-01
8.603731229355993104e-01
1.696882377129267372e-01
5.723122772567960093e-01
5.930562221844759563e-02
1.483861128927983497e-01
6.132233811104969012e-01
1.524107339827005525e-01
5.087702405029955743e-01
5.141920486526816436e-01
6.854754978529153941e-01
2.445993949263433054e-01
7.060150887920463303e-01
7.893284427093226752e-01
7.949987951361654481e-01
8.880660544155296598e-01
