6.057950616974664415e-01
6.524357995836334023e-01
6.691202335427602899e-01
6.404968455221616841e-01
6.885758228395510994e-01
6.148890211202528988e-01
6.820176614254778169e-01
6.454194451492142326e-01
6.274595267866631687e-01
6.037991642957809546e-01
6.804854193809172225e-01
6.795283900162906177e-01
6.812558458421023033e-01
6.889840890605251067e-01
6.866278345192843302e-01
6.904443464921367068e-01
6.746007076520503798e-01
6.112042690187353688e-01
6.954746171543240152e-01
6.706152908299413129e-01
6.069360146296615133e-01
6.011936303216199873e-01
6.150150327261604266e-01
6.432562240465078407e-01
6.130321920651919942e-01
6.179532300405454759e-01
6.921064359614440553e-01
6.504250909950163306e-01
6.134153746332020596e-01
6.622495544793487454e-01
6.749049509046558537e-01
6.907503491978430610e-01
6.915933479084361846e-01
6.022610672967713130e-01
6.122149406384552739e-01
6.612234555172741279e-01
6.296722201728313095e-01
6.786420450165894236e-01
6.024820027735079409e-01
6.170598932054204289e-01
6.878317661303612329e-01
6.564221052324406003e-01
6.154318195954849857e-01
6.095272197599068686e-01
6.257567076383554472e-01
6.612628220844880556e-01
6.106761976715704421e-01
6.654413326615785662e-01
6.358123370315533762e-01
6.683466539371056836e-01
6.495287202171613483e-01
6.223230669349762989e-01
6.033448282758846481e-01
6.837612157634191945e-01
6.987835229527504799e-01
6.955503496988253431e-01
6.959453851169176142e-01
6.494428435418454493e-01
6.991138989792964331e-01
6.411425766041500829e-01
6.972542088199018551e-01
6.928385264535819044e-01
6.920479191219289783e-01
