1.000000000000000000e+00 2.000000000000000000e+00 7.807574010588860247e-01
1.000000000000000000e+00 3.000000000000000000e+00 5.943876133921401905e-01
1.000000000000000000e+00 4.000000000000000000e+00 7.860605326795482295e-01
1.000000000000000000e+00 5.000000000000000000e+00 5.629473834143595701e-01
1.000000000000000000e+00 6.000000000000000000e+00 7.724129391774143816e-01
1.000000000000000000e+00 7.000000000000000000e+00 7.319586248993574795e-01
1.000000000000000000e+00 8.000000000000000000e+00 6.232732265226430535e-01
1.000000000000000000e+00 9.000000000000000000e+00 6.377702244368469442e-01
1.000000000000000000e+00 1.000000000000000000e+01 7.239024355747586403e-01
1.000000000000000000e+00 1.100000000000000000e+01 5.363237992792182496e-01
1.000000000000000000e+00 1.200000000000000000e+01 6.822705231316799068e-01
1.000000000000000000e+00 1.300000000000000000e+01 7.088993821277291829e-01
1.000000000000000000e+00 1.400000000000000000e+01 7.340964465145101148e-01
1.000000000000000000e+00 1.500000000000000000e+01 7.105267728596469379e-01
1.000000000000000000e+00 1.600000000000000000e+01 6.547227769293602062e-01
1.000000000000000000e+00 1.700000000000000000e+01 6.503091488069147053e-01
1.000000000000000000e+00 1.800000000000000000e+01 7.522883844930357000e-01
1.000000000000000000e+00 1.900000000000000000e+01 5.523289754854247002e-01
1.000000000000000000e+00 2.000000000000000000e+01 5.939805811211442688e-01
1.000000000000000000e+00 2.100000000000000000e+01 6.770866809773984363e-01
1.000000000000000000e+00 2.200000000000000000e+01 5.622346231889739920e-01
1.000000000000000000e+00 2.300000000000000000e+01 5.086249966865264982e-01
1.000000000000000000e+00 2.400000000000000000e+01 7.153476334445310059e-01
1.000000000000000000e+00 2.500000000000000000e+01 5.228280814968261359e-01
1.000000000000000000e+00 2.600000000000000000e+01 5.289248873240317561e-01
1.000000000000000000e+00 2.700000000000000000e+01 7.009914406193554770e-01
1.000000000000000000e+00 2.800000000000000000e+01 7.794107419537112946e-01
1.000000000000000000e+00 2.900000000000000000e+01 6.257984483164431566e-01
1.000000000000000000e+00 3.000000000000000000e+01 5.554786089215102418e-01
1.000000000000000000e+00 3.100000000000000000e+01 5.464526868709137508e-01
1.000000000000000000e+00 3.200000000000000000e+01 6.452300413848840455e-01
1.000000000000000000e+00 3.300000000000000000e+01 6.139740857290484355e-01
1.000000000000000000e+00 3.400000000000000000e+01 5.189428887898286380e-01
1.000000000000000000e+00 3.500000000000000000e+01 7.917019964254558007e-01
2.000000000000000000e+00 3.600000000000000000e+01 6.471158002210216642e-01
2.000000000000000000e+00 4.000000000000000000e+00 7.955738484799683707e-01
2.000000000000000000e+00 5.000000000000000000e+00 6.074274490329569787e-01
2.000000000000000000e+00 3.700000000000000000e+01 7.874774033448153077e-01
2.000000000000000000e+00 6.000000000000000000e+00 7.662726564187243294e-01
2.000000000000000000e+00 7.000000000000000000e+00 5.713570481942636947e-01
2.000000000000000000e+00 8.000000000000000000e+00 7.093672381024650475e-01
2.000000000000000000e+00 9.000000000000000000e+00 7.788940348961448379e-01
2.000000000000000000e+00 1.100000000000000000e+01 6.911180141359403173e-01
2.000000000000000000e+00 1.200000000000000000e+01 7.968579279091383416e-01
2.000000000000000000e+00 1.300000000000000000e+01 6.745879804682731740e-01
2.000000000000000000e+00 1.400000000000000000e+01 6.693784226739787346e-01
2.000000000000000000e+00 1.500000000000000000e+01 7.150212947354521731e-01
2.000000000000000000e+00 1.600000000000000000e+01 5.929063404369898649e-01
2.000000000000000000e+00 1.800000000000000000e+01 7.675843358982615827e-01
2.000000000000000000e+00 3.800000000000000000e+01 5.432876924726404155e-01
2.000000000000000000e+00 1.900000000000000000e+01 6.649120093964033806e-01
2.000000000000000000e+00 3.900000000000000000e+01 5.943929462349200055e-01
2.000000000000000000e+00 4.000000000000000000e+01 7.034618901747281550e-01
2.000000000000000000e+00 4.100000000000000000e+01 5.511063891417159466e-01
2.000000000000000000e+00 2.000000000000000000e+01 7.384786529130220600e-01
2.000000000000000000e+00 2.100000000000000000e+01 5.118087700144635654e-01
2.000000000000000000e+00 2.200000000000000000e+01 7.511350449795268780e-01
2.000000000000000000e+00 2.300000000000000000e+01 6.166556047037987653e-01
2.000000000000000000e+00 2.400000000000000000e+01 6.631115998111732912e-01
2.000000000000000000e+00 4.200000000000000000e+01 6.104346651664860346e-01
2.000000000000000000e+00 3.100000000000000000e+01 6.292271607543581391e-01
2.000000000000000000e+00 4.300000000000000000e+01 7.737225645381416994e-01
2.000000000000000000e+00 4.400000000000000000e+01 5.620088885968426151e-01
2.000000000000000000e+00 4.500000000000000000e+01 7.389092376057470046e-01
2.000000000000000000e+00 4.600000000000000000e+01 5.353935553395788860e-01
2.000000000000000000e+00 4.700000000000000000e+01 6.857125544180957544e-01
2.000000000000000000e+00 3.400000000000000000e+01 6.017603740121030276e-01
3.000000000000000000e+00 3.600000000000000000e+01 5.797537661494345240e-01
3.000000000000000000e+00 4.000000000000000000e+00 7.339469523160814246e-01
3.000000000000000000e+00 5.000000000000000000e+00 5.875259671485519863e-01
3.000000000000000000e+00 3.700000000000000000e+01 6.001255393327633580e-01
3.000000000000000000e+00 6.000000000000000000e+00 7.976599191327788940e-01
3.000000000000000000e+00 7.000000000000000000e+00 6.827389069237007613e-01
3.000000000000000000e+00 8.000000000000000000e+00 6.488556859599960980e-01
3.000000000000000000e+00 1.100000000000000000e+01 7.982814305778264119e-01
3.000000000000000000e+00 1.200000000000000000e+01 6.516063708722441561e-01
3.000000000000000000e+00 1.400000000000000000e+01 5.173361325136767164e-01
3.000000000000000000e+00 1.600000000000000000e+01 7.294463425951680513e-01
3.000000000000000000e+00 1.700000000000000000e+01 7.655508536784869644e-01
3.000000000000000000e+00 1.800000000000000000e+01 6.392418116366642700e-01
3.000000000000000000e+00 3.800000000000000000e+01 6.672787646785212079e-01
3.000000000000000000e+00 4.000000000000000000e+01 7.350376137699946577e-01
3.000000000000000000e+00 2.100000000000000000e+01 7.688320513371733611e-01
3.000000000000000000e+00 2.200000000000000000e+01 6.522607900902579470e-01
3.000000000000000000e+00 2.300000000000000000e+01 7.732037838564840282e-01
3.000000000000000000e+00 2.500000000000000000e+01 7.226515204536554382e-01
3.000000000000000000e+00 2.700000000000000000e+01 7.895904327490750330e-01
3.000000000000000000e+00 2.800000000000000000e+01 7.896660472009611187e-01
3.000000000000000000e+00 2.900000000000000000e+01 7.401110490836260158e-01
3.000000000000000000e+00 3.000000000000000000e+01 7.629292801083025211e-01
3.000000000000000000e+00 4.800000000000000000e+01 7.437863877591730510e-01
3.000000000000000000e+00 4.900000000000000000e+01 6.933428396152325757e-01
3.000000000000000000e+00 4.600000000000000000e+01 7.571548268242345170e-01
3.000000000000000000e+00 3.300000000000000000e+01 5.367512978003385893e-01
3.000000000000000000e+00 4.700000000000000000e+01 6.887992940354200622e-01
3.000000000000000000e+00 3.400000000000000000e+01 5.273159146323422863e-01
3.000000000000000000e+00 3.500000000000000000e+01 7.542061435893754329e-01
3.600000000000000000e+01 4.000000000000000000e+00 5.584125619038317057e-01
3.600000000000000000e+01 5.000000000000000000e+00 6.282867356071775156e-01
3.600000000000000000e+01 3.700000000000000000e+01 6.713605549983227005e-01
3.600000000000000000e+01 7.000000000000000000e+00 5.093266256382623647e-01
3.600000000000000000e+01 8.000000000000000000e+00 6.464155370951607527e-01
3.600000000000000000e+01 9.000000000000000000e+00 6.224133199508886660e-01
3.600000000000000000e+01 1.000000000000000000e+01 6.764461227239346730e-01
3.600000000000000000e+01 1.100000000000000000e+01 7.180217574658905866e-01
3.600000000000000000e+01 1.300000000000000000e+01 6.046870884421305936e-01
3.600000000000000000e+01 1.400000000000000000e+01 7.889415460429263227e-01
3.600000000000000000e+01 1.500000000000000000e+01 5.772624373916008800e-01
3.600000000000000000e+01 1.600000000000000000e+01 6.092033674482904004e-01
3.600000000000000000e+01 1.800000000000000000e+01 7.208133139057322225e-01
3.600000000000000000e+01 5.000000000000000000e+01 7.865620961789017151e-01
3.600000000000000000e+01 4.000000000000000000e+01 5.213392658181095207e-01
3.600000000000000000e+01 4.100000000000000000e+01 5.868183550071126575e-01
3.600000000000000000e+01 2.000000000000000000e+01 7.272829446742493653e-01
3.600000000000000000e+01 2.100000000000000000e+01 5.257683750705071102e-01
3.600000000000000000e+01 2.200000000000000000e+01 5.808816569775869798e-01
3.600000000000000000e+01 5.100000000000000000e+01 6.348840029135895957e-01
3.600000000000000000e+01 5.200000000000000000e+01 5.678168096757075789e-01
3.600000000000000000e+01 2.500000000000000000e+01 5.918807901949055816e-01
3.600000000000000000e+01 2.600000000000000000e+01 5.698654227092292412e-01
3.600000000000000000e+01 2.700000000000000000e+01 6.971802596600003010e-01
3.600000000000000000e+01 4.300000000000000000e+01 7.022591027058391333e-01
3.600000000000000000e+01 5.300000000000000000e+01 7.673336956593774794e-01
3.600000000000000000e+01 4.400000000000000000e+01 6.447929998654351458e-01
3.600000000000000000e+01 4.500000000000000000e+01 6.619197706832019579e-01
3.600000000000000000e+01 3.200000000000000000e+01 7.951151939529865764e-01
3.600000000000000000e+01 4.600000000000000000e+01 7.547766781456877183e-01
3.600000000000000000e+01 3.300000000000000000e+01 5.486548092807205235e-01
3.600000000000000000e+01 4.700000000000000000e+01 5.397643096589451739e-01
3.600000000000000000e+01 5.400000000000000000e+01 6.304810555140403228e-01
3.600000000000000000e+01 5.500000000000000000e+01 5.979801859896556326e-01
4.000000000000000000e+00 5.000000000000000000e+00 5.499951704653228690e-01
4.000000000000000000e+00 3.700000000000000000e+01 6.016957263821978152e-01
4.000000000000000000e+00 6.000000000000000000e+00 6.263426463021075641e-01
4.000000000000000000e+00 7.000000000000000000e+00 5.316506508180225410e-01
4.000000000000000000e+00 8.000000000000000000e+00 7.429251496177055047e-01
4.000000000000000000e+00 9.000000000000000000e+00 7.330701719583816445e-01
4.000000000000000000e+00 1.000000000000000000e+01 5.480895144481704451e-01
4.000000000000000000e+00 1.100000000000000000e+01 7.677690825181628931e-01
4.000000000000000000e+00 1.200000000000000000e+01 5.572008037006584980e-01
4.000000000000000000e+00 1.300000000000000000e+01 5.005005214993101248e-01
4.000000000000000000e+00 1.400000000000000000e+01 5.670652448904043297e-01
4.000000000000000000e+00 1.600000000000000000e+01 7.653878690635199655e-01
4.000000000000000000e+00 1.700000000000000000e+01 6.627994436912829634e-01
4.000000000000000000e+00 1.800000000000000000e+01 6.621283210722741508e-01
4.000000000000000000e+00 5.000000000000000000e+01 7.712660811718252685e-01
4.000000000000000000e+00 5.600000000000000000e+01 6.229683103649682474e-01
4.000000000000000000e+00 3.900000000000000000e+01 6.697817752923884704e-01
4.000000000000000000e+00 4.000000000000000000e+01 7.852292696323701637e-01
4.000000000000000000e+00 4.100000000000000000e+01 7.036097938324888945e-01
4.000000000000000000e+00 2.100000000000000000e+01 6.358624726489847667e-01
4.000000000000000000e+00 5.100000000000000000e+01 5.719992823788373482e-01
4.000000000000000000e+00 2.300000000000000000e+01 6.458385117971165990e-01
4.000000000000000000e+00 2.500000000000000000e+01 7.927789295821309201e-01
4.000000000000000000e+00 2.600000000000000000e+01 6.612185671062680292e-01
4.000000000000000000e+00 2.700000000000000000e+01 6.069583168647949556e-01
4.000000000000000000e+00 2.800000000000000000e+01 5.482371279393121188e-01
4.000000000000000000e+00 2.900000000000000000e+01 5.474468388142703645e-01
4.000000000000000000e+00 3.100000000000000000e+01 7.419681817419045977e-01
4.000000000000000000e+00 4.900000000000000000e+01 5.264290720013266034e-01
4.000000000000000000e+00 4.500000000000000000e+01 6.012107934530077635e-01
4.000000000000000000e+00 4.600000000000000000e+01 5.149154129525405077e-01
4.000000000000000000e+00 5.400000000000000000e+01 6.013852697803601099e-01
4.000000000000000000e+00 3.500000000000000000e+01 5.036219285771016407e-01
4.000000000000000000e+00 5.500000000000000000e+01 7.473728145895935926e-01
4.000000000000000000e+00 5.700000000000000000e+01 7.188419237047120047e-01
4.000000000000000000e+00 5.800000000000000000e+01 6.813602856484316517e-01
5.000000000000000000e+00 3.700000000000000000e+01 5.993624370920694888e-01
5.000000000000000000e+00 7.000000000000000000e+00 5.843332235038996014e-01
5.000000000000000000e+00 8.000000000000000000e+00 5.307625261208713807e-01
5.000000000000000000e+00 9.000000000000000000e+00 6.465813038113565892e-01
5.000000000000000000e+00 1.000000000000000000e+01 5.948458530166421676e-01
5.000000000000000000e+00 1.200000000000000000e+01 6.001143134576142346e-01
5.000000000000000000e+00 1.300000000000000000e+01 5.677188676850991600e-01
5.000000000000000000e+00 1.400000000000000000e+01 5.889962269447188703e-01
5.000000000000000000e+00 1.500000000000000000e+01 7.863590052811575415e-01
5.000000000000000000e+00 1.600000000000000000e+01 7.036788471765472730e-01
5.000000000000000000e+00 1.800000000000000000e+01 5.205136290722622849e-01
5.000000000000000000e+00 3.800000000000000000e+01 6.094112818173711421e-01
5.000000000000000000e+00 1.900000000000000000e+01 6.523643987052600846e-01
5.000000000000000000e+00 5.000000000000000000e+01 6.512418591894202358e-01
5.000000000000000000e+00 5.600000000000000000e+01 6.848669023865834316e-01
5.000000000000000000e+00 3.900000000000000000e+01 6.805923124142922997e-01
5.000000000000000000e+00 4.000000000000000000e+01 5.458796218010976142e-01
5.000000000000000000e+00 4.100000000000000000e+01 5.191222157265740211e-01
5.000000000000000000e+00 2.000000000000000000e+01 6.686959242941213910e-01
5.000000000000000000e+00 2.100000000000000000e+01 5.182410913665488339e-01
5.000000000000000000e+00 2.200000000000000000e+01 7.366657618108789496e-01
5.000000000000000000e+00 5.100000000000000000e+01 6.262561084934887834e-01
5.000000000000000000e+00 5.900000000000000000e+01 6.556824082766387063e-01
5.000000000000000000e+00 2.300000000000000000e+01 7.763402750337138336e-01
5.000000000000000000e+00 2.400000000000000000e+01 5.185907065293651197e-01
5.000000000000000000e+00 2.500000000000000000e+01 7.011595476280598760e-01
5.000000000000000000e+00 2.600000000000000000e+01 7.697510350837759585e-01
5.000000000000000000e+00 2.700000000000000000e+01 7.640922401031202682e-01
5.000000000000000000e+00 2.800000000000000000e+01 5.921062661146877515e-01
5.000000000000000000e+00 4.200000000000000000e+01 7.787479026068442334e-01
5.000000000000000000e+00 2.900000000000000000e+01 7.182572788924886931e-01
5.000000000000000000e+00 3.000000000000000000e+01 5.312693420129120936e-01
5.000000000000000000e+00 3.100000000000000000e+01 7.227587481021527926e-01
5.000000000000000000e+00 4.300000000000000000e+01 7.007570666912231738e-01
5.000000000000000000e+00 6.000000000000000000e+01 7.876067261556318755e-01
5.000000000000000000e+00 4.900000000000000000e+01 5.190505686076313241e-01
5.000000000000000000e+00 5.300000000000000000e+01 7.691291572834777490e-01
5.000000000000000000e+00 4.400000000000000000e+01 6.087900530139869204e-01
5.000000000000000000e+00 4.500000000000000000e+01 6.682496816085063962e-01
5.000000000000000000e+00 6.100000000000000000e+01 7.141884689660138452e-01
5.000000000000000000e+00 3.300000000000000000e+01 5.838478262553062903e-01
5.000000000000000000e+00 4.700000000000000000e+01 6.201552941254472318e-01
5.000000000000000000e+00 5.400000000000000000e+01 7.097009750961228436e-01
5.000000000000000000e+00 3.400000000000000000e+01 7.155668151039805691e-01
5.000000000000000000e+00 3.500000000000000000e+01 6.681724631526283487e-01
5.000000000000000000e+00 5.500000000000000000e+01 6.895162073497019817e-01
5.000000000000000000e+00 5.800000000000000000e+01 6.310184024290169669e-01
3.700000000000000000e+01 5.000000000000000000e+00 7.924831913776391179e-01
3.700000000000000000e+01 6.000000000000000000e+00 7.502477133444895863e-01
3.700000000000000000e+01 7.000000000000000000e+00 7.899221268673883856e-01
3.700000000000000000e+01 8.000000000000000000e+00 5.424895399757125869e-01
3.700000000000000000e+01 9.000000000000000000e+00 6.212876363237817001e-01
3.700000000000000000e+01 1.000000000000000000e+01 5.397102702893575854e-01
3.700000000000000000e+01 1.100000000000000000e+01 7.230508883589286118e-01
3.700000000000000000e+01 1.200000000000000000e+01 7.797222922049209526e-01
3.700000000000000000e+01 1.300000000000000000e+01 6.247065872044531565e-01
3.700000000000000000e+01 1.400000000000000000e+01 5.690783324016968070e-01
3.700000000000000000e+01 1.500000000000000000e+01 6.278806784171910849e-01
3.700000000000000000e+01 1.600000000000000000e+01 6.947051304745915923e-01
3.700000000000000000e+01 1.700000000000000000e+01 6.598634897642352559e-01
3.700000000000000000e+01 1.800000000000000000e+01 5.807119648595443495e-01
3.700000000000000000e+01 3.800000000000000000e+01 6.666437594796038590e-01
3.700000000000000000e+01 1.900000000000000000e+01 6.952445713149294493e-01
3.700000000000000000e+01 5.000000000000000000e+01 7.573394517745335452e-01
3.700000000000000000e+01 5.600000000000000000e+01 7.871060602405394180e-01
3.700000000000000000e+01 3.900000000000000000e+01 6.151953779596963656e-01
3.700000000000000000e+01 4.000000000000000000e+01 6.928003001940227223e-01
3.700000000000000000e+01 4.100000000000000000e+01 5.274389681280262643e-01
3.700000000000000000e+01 2.200000000000000000e+01 6.913081001623235800e-01
3.700000000000000000e+01 5.100000000000000000e+01 7.709875732911910529e-01
3.700000000000000000e+01 5.900000000000000000e+01 5.740006241675290610e-01
3.700000000000000000e+01 2.300000000000000000e+01 6.443819142089195484e-01
3.700000000000000000e+01 2.400000000000000000e+01 6.446224287789243945e-01
3.700000000000000000e+01 2.500000000000000000e+01 7.245755044910808795e-01
3.700000000000000000e+01 2.600000000000000000e+01 6.834002749027419110e-01
3.700000000000000000e+01 2.700000000000000000e+01 6.335261953229511800e-01
3.700000000000000000e+01 2.800000000000000000e+01 5.824077991642050423e-01
3.700000000000000000e+01 4.200000000000000000e+01 7.032030772801476370e-01
3.700000000000000000e+01 2.900000000000000000e+01 5.006714526318624126e-01
3.700000000000000000e+01 3.000000000000000000e+01 5.650270872221241358e-01
3.700000000000000000e+01 4.300000000000000000e+01 6.175690648093984381e-01
3.700000000000000000e+01 6.000000000000000000e+01 7.933037487232507123e-01
3.700000000000000000e+01 4.900000000000000000e+01 6.764406570160965693e-01
3.700000000000000000e+01 4.500000000000000000e+01 6.149455002319108576e-01
3.700000000000000000e+01 4.600000000000000000e+01 6.013974556440510044e-01
3.700000000000000000e+01 3.300000000000000000e+01 6.290870969578633565e-01
3.700000000000000000e+01 4.700000000000000000e+01 5.250819188822962724e-01
3.700000000000000000e+01 5.400000000000000000e+01 6.169916165192841362e-01
3.700000000000000000e+01 3.400000000000000000e+01 5.660212576290599706e-01
3.700000000000000000e+01 3.500000000000000000e+01 5.104148295341416341e-01
3.700000000000000000e+01 5.500000000000000000e+01 7.013679520263510492e-01
3.700000000000000000e+01 5.700000000000000000e+01 5.311549381065214792e-01
3.700000000000000000e+01 6.200000000000000000e+01 6.473658451677655190e-01
3.700000000000000000e+01 5.800000000000000000e+01 5.677393565825621380e-01
6.000000000000000000e+00 7.000000000000000000e+00 7.791022135124768822e-01
6.000000000000000000e+00 8.000000000000000000e+00 6.859835540112679819e-01
6.000000000000000000e+00 9.000000000000000000e+00 6.687121303222804958e-01
6.000000000000000000e+00 1.000000000000000000e+01 6.726355712143536891e-01
6.000000000000000000e+00 1.100000000000000000e+01 7.536647047716665826e-01
6.000000000000000000e+00 1.200000000000000000e+01 7.246379847843118505e-01
6.000000000000000000e+00 1.300000000000000000e+01 6.025729334807496951e-01
6.000000000000000000e+00 1.400000000000000000e+01 6.768026600917069757e-01
6.000000000000000000e+00 1.500000000000000000e+01 7.955598634623138876e-01
6.000000000000000000e+00 1.600000000000000000e+01 5.061039045688182636e-01
6.000000000000000000e+00 3.800000000000000000e+01 5.043607736834319066e-01
6.000000000000000000e+00 1.900000000000000000e+01 5.547170798017143634e-01
6.000000000000000000e+00 5.600000000000000000e+01 7.519453060373944009e-01
6.000000000000000000e+00 3.900000000000000000e+01 7.278970201471771651e-01
6.000000000000000000e+00 4.000000000000000000e+01 5.802856087316994316e-01
6.000000000000000000e+00 4.100000000000000000e+01 7.168136300643896952e-01
6.000000000000000000e+00 2.100000000000000000e+01 5.889028587318950736e-01
6.000000000000000000e+00 2.200000000000000000e+01 5.335453729283976543e-01
6.000000000000000000e+00 2.400000000000000000e+01 5.289053149595688286e-01
6.000000000000000000e+00 2.500000000000000000e+01 6.247339703999892357e-01
6.000000000000000000e+00 2.600000000000000000e+01 5.489863284688910605e-01
6.000000000000000000e+00 2.900000000000000000e+01 5.104948607971651064e-01
6.000000000000000000e+00 4.800000000000000000e+01 5.610352270284066911e-01
6.000000000000000000e+00 4.900000000000000000e+01 7.366946353039479645e-01
6.000000000000000000e+00 6.100000000000000000e+01 7.137051568782387667e-01
6.000000000000000000e+00 3.300000000000000000e+01 5.837057231903376442e-01
6.000000000000000000e+00 5.400000000000000000e+01 7.873773092545799379e-01
6.000000000000000000e+00 3.400000000000000000e+01 5.565708538934809324e-01
6.000000000000000000e+00 3.500000000000000000e+01 5.221953726215730063e-01
6.000000000000000000e+00 6.200000000000000000e+01 7.442599766558296581e-01
7.000000000000000000e+00 8.000000000000000000e+00 5.001326721894883143e-01
7.000000000000000000e+00 9.000000000000000000e+00 6.397283645908673488e-01
7.000000000000000000e+00 1.300000000000000000e+01 7.126576495651036902e-01
7.000000000000000000e+00 1.400000000000000000e+01 5.449238783596076496e-01
7.000000000000000000e+00 1.500000000000000000e+01 6.424694805666960606e-01
7.000000000000000000e+00 1.600000000000000000e+01 6.917084693288366726e-01
7.000000000000000000e+00 1.800000000000000000e+01 5.670358298512692130e-01
7.000000000000000000e+00 5.000000000000000000e+01 5.335261518084123411e-01
7.000000000000000000e+00 4.000000000000000000e+01 5.398145761481213389e-01
7.000000000000000000e+00 2.100000000000000000e+01 6.696969861278805336e-01
7.000000000000000000e+00 2.200000000000000000e+01 6.077625488703005674e-01
7.000000000000000000e+00 5.100000000000000000e+01 6.731090796875800475e-01
7.000000000000000000e+00 2.300000000000000000e+01 5.343934139836904462e-01
7.000000000000000000e+00 2.400000000000000000e+01 6.493396212232959153e-01
7.000000000000000000e+00 2.600000000000000000e+01 5.048479068847934181e-01
7.000000000000000000e+00 2.700000000000000000e+01 7.682114221489315664e-01
7.000000000000000000e+00 6.000000000000000000e+01 6.725734842720058060e-01
7.000000000000000000e+00 4.900000000000000000e+01 5.868826591318470065e-01
7.000000000000000000e+00 3.300000000000000000e+01 7.252221578506614641e-01
7.000000000000000000e+00 4.700000000000000000e+01 6.308272184629676316e-01
7.000000000000000000e+00 5.500000000000000000e+01 6.850535487510538424e-01
7.000000000000000000e+00 5.800000000000000000e+01 6.364224540370969629e-01
8.000000000000000000e+00 5.000000000000000000e+00 6.749074820417015896e-01
8.000000000000000000e+00 9.000000000000000000e+00 5.757094312097658095e-01
8.000000000000000000e+00 1.000000000000000000e+01 5.195577031892703035e-01
8.000000000000000000e+00 1.100000000000000000e+01 5.351947389409921207e-01
8.000000000000000000e+00 1.200000000000000000e+01 6.889665960305904058e-01
8.000000000000000000e+00 1.300000000000000000e+01 6.486824058907586510e-01
8.000000000000000000e+00 1.400000000000000000e+01 5.873296714851070632e-01
8.000000000000000000e+00 1.500000000000000000e+01 5.150162117507448567e-01
8.000000000000000000e+00 1.600000000000000000e+01 6.683574765080106950e-01
8.000000000000000000e+00 1.800000000000000000e+01 7.121821387293454375e-01
8.000000000000000000e+00 3.800000000000000000e+01 6.051606881985155395e-01
8.000000000000000000e+00 1.900000000000000000e+01 6.310222064599946279e-01
8.000000000000000000e+00 5.000000000000000000e+01 6.285684210114579340e-01
8.000000000000000000e+00 5.600000000000000000e+01 6.316997582050933868e-01
8.000000000000000000e+00 4.000000000000000000e+01 5.070653875018176215e-01
8.000000000000000000e+00 4.100000000000000000e+01 5.847120062443248445e-01
8.000000000000000000e+00 2.100000000000000000e+01 7.764347031891749573e-01
8.000000000000000000e+00 2.200000000000000000e+01 6.015355074121576662e-01
8.000000000000000000e+00 5.100000000000000000e+01 7.921793972556685492e-01
8.000000000000000000e+00 5.900000000000000000e+01 7.586296263718896871e-01
8.000000000000000000e+00 2.300000000000000000e+01 5.723992998919076314e-01
8.000000000000000000e+00 2.400000000000000000e+01 6.854278966441562648e-01
8.000000000000000000e+00 2.500000000000000000e+01 5.223896766967235372e-01
8.000000000000000000e+00 2.600000000000000000e+01 7.105200439430188197e-01
8.000000000000000000e+00 2.700000000000000000e+01 7.808565358174257565e-01
8.000000000000000000e+00 2.800000000000000000e+01 7.817038610702069512e-01
8.000000000000000000e+00 4.200000000000000000e+01 7.116711925043081033e-01
8.000000000000000000e+00 2.900000000000000000e+01 6.733600958477288234e-01
8.000000000000000000e+00 3.100000000000000000e+01 6.736449419637735581e-01
8.000000000000000000e+00 4.300000000000000000e+01 5.212957266410996882e-01
8.000000000000000000e+00 4.900000000000000000e+01 7.732143689278164755e-01
8.000000000000000000e+00 3.300000000000000000e+01 6.142474737375068772e-01
8.000000000000000000e+00 4.700000000000000000e+01 5.756368498921701216e-01
8.000000000000000000e+00 5.400000000000000000e+01 7.962918297985276395e-01
8.000000000000000000e+00 3.400000000000000000e+01 5.213164198322303156e-01
8.000000000000000000e+00 3.500000000000000000e+01 6.291750670678702972e-01
8.000000000000000000e+00 5.500000000000000000e+01 7.540595023885507953e-01
9.000000000000000000e+00 1.000000000000000000e+01 5.985886183454852683e-01
9.000000000000000000e+00 1.100000000000000000e+01 5.130494023753859878e-01
9.000000000000000000e+00 1.200000000000000000e+01 7.088976553339843001e-01
9.000000000000000000e+00 1.300000000000000000e+01 6.287125580030114014e-01
9.000000000000000000e+00 1.400000000000000000e+01 6.932451732343172246e-01
9.000000000000000000e+00 1.500000000000000000e+01 5.466717999979021636e-01
9.000000000000000000e+00 1.600000000000000000e+01 7.261404575741475798e-01
9.000000000000000000e+00 3.800000000000000000e+01 6.553581257803668958e-01
9.000000000000000000e+00 1.900000000000000000e+01 5.058920965128769209e-01
9.000000000000000000e+00 5.000000000000000000e+01 6.489475797332069362e-01
9.000000000000000000e+00 4.000000000000000000e+01 5.025330570357622317e-01
9.000000000000000000e+00 4.100000000000000000e+01 6.815380487595397163e-01
9.000000000000000000e+00 2.200000000000000000e+01 6.958799225411257394e-01
9.000000000000000000e+00 5.900000000000000000e+01 5.812262335294388071e-01
9.000000000000000000e+00 5.200000000000000000e+01 7.924856852650794536e-01
9.000000000000000000e+00 2.400000000000000000e+01 7.226804940851692116e-01
9.000000000000000000e+00 2.700000000000000000e+01 5.418822361413098143e-01
9.000000000000000000e+00 2.900000000000000000e+01 5.508571035477295430e-01
9.000000000000000000e+00 4.300000000000000000e+01 7.618903349345795828e-01
9.000000000000000000e+00 4.500000000000000000e+01 7.347640397875908613e-01
9.000000000000000000e+00 4.600000000000000000e+01 6.253663206054140833e-01
9.000000000000000000e+00 3.300000000000000000e+01 7.579727354516917481e-01
9.000000000000000000e+00 5.400000000000000000e+01 7.960420539012782459e-01
9.000000000000000000e+00 3.400000000000000000e+01 6.864911275407491464e-01
9.000000000000000000e+00 5.700000000000000000e+01 5.891509387651495677e-01
1.000000000000000000e+01 1.100000000000000000e+01 5.247739322487978697e-01
1.000000000000000000e+01 1.200000000000000000e+01 6.327550125517702462e-01
1.000000000000000000e+01 1.300000000000000000e+01 5.904486601803201617e-01
1.000000000000000000e+01 1.500000000000000000e+01 7.168237317469113856e-01
1.000000000000000000e+01 1.600000000000000000e+01 7.455675988202538074e-01
1.000000000000000000e+01 1.900000000000000000e+01 7.003088306715836708e-01
1.000000000000000000e+01 5.000000000000000000e+01 6.092982338713381907e-01
1.000000000000000000e+01 5.600000000000000000e+01 5.218888624987243485e-01
1.000000000000000000e+01 3.900000000000000000e+01 5.606774735774175955e-01
1.000000000000000000e+01 4.000000000000000000e+01 5.077001232734671410e-01
1.000000000000000000e+01 4.100000000000000000e+01 6.933183784876869593e-01
1.000000000000000000e+01 2.000000000000000000e+01 7.009831412157966346e-01
1.000000000000000000e+01 2.100000000000000000e+01 5.159544172385299721e-01
1.000000000000000000e+01 2.200000000000000000e+01 7.066701741948550053e-01
1.000000000000000000e+01 5.100000000000000000e+01 6.137127562500745981e-01
1.000000000000000000e+01 5.900000000000000000e+01 7.842134088243235546e-01
1.000000000000000000e+01 5.200000000000000000e+01 6.958726189264707873e-01
1.000000000000000000e+01 2.300000000000000000e+01 5.947009712959545613e-01
1.000000000000000000e+01 2.500000000000000000e+01 5.257279634472947771e-01
1.000000000000000000e+01 2.600000000000000000e+01 5.143681540594023938e-01
1.000000000000000000e+01 2.700000000000000000e+01 5.754034646577543821e-01
1.000000000000000000e+01 2.800000000000000000e+01 7.938305974945196741e-01
1.000000000000000000e+01 2.900000000000000000e+01 6.333366736466780056e-01
1.000000000000000000e+01 3.100000000000000000e+01 7.002799080421631128e-01
1.000000000000000000e+01 6.000000000000000000e+01 5.944490591576897520e-01
1.000000000000000000e+01 4.800000000000000000e+01 5.592416178475803079e-01
1.000000000000000000e+01 4.400000000000000000e+01 7.858206723274329120e-01
1.000000000000000000e+01 3.200000000000000000e+01 7.463646267085455310e-01
1.000000000000000000e+01 3.300000000000000000e+01 5.118585229693609628e-01
1.000000000000000000e+01 4.700000000000000000e+01 5.244908756406028161e-01
1.000000000000000000e+01 5.400000000000000000e+01 6.259911376471758437e-01
1.000000000000000000e+01 5.700000000000000000e+01 5.745199333678452369e-01
1.100000000000000000e+01 5.000000000000000000e+00 7.354819278124773430e-01
1.100000000000000000e+01 3.700000000000000000e+01 6.656769953861736422e-01
1.100000000000000000e+01 1.200000000000000000e+01 6.335028194264633594e-01
1.100000000000000000e+01 1.300000000000000000e+01 7.792269933467952381e-01
1.100000000000000000e+01 1.400000000000000000e+01 6.406007841183811724e-01
1.100000000000000000e+01 1.500000000000000000e+01 5.030139888271691895e-01
1.100000000000000000e+01 1.600000000000000000e+01 5.854540195173159045e-01
1.100000000000000000e+01 1.800000000000000000e+01 5.340713331724221691e-01
1.100000000000000000e+01 1.900000000000000000e+01 6.735958590404615975e-01
1.100000000000000000e+01 5.000000000000000000e+01 5.214685547735616877e-01
1.100000000000000000e+01 4.000000000000000000e+01 6.841253043585713289e-01
1.100000000000000000e+01 4.100000000000000000e+01 7.273220377447955354e-01
1.100000000000000000e+01 2.100000000000000000e+01 6.784778622901636025e-01
1.100000000000000000e+01 2.200000000000000000e+01 7.735401373940005154e-01
1.100000000000000000e+01 5.100000000000000000e+01 5.556851759776089139e-01
1.100000000000000000e+01 5.900000000000000000e+01 5.122191615560314215e-01
1.100000000000000000e+01 2.300000000000000000e+01 7.648829370821752516e-01
1.100000000000000000e+01 2.400000000000000000e+01 6.741378514150576651e-01
1.100000000000000000e+01 2.500000000000000000e+01 6.632352060494755008e-01
1.100000000000000000e+01 2.600000000000000000e+01 7.379282428430620211e-01
1.100000000000000000e+01 2.800000000000000000e+01 5.070417744180565345e-01
1.100000000000000000e+01 4.200000000000000000e+01 7.253144479387372279e-01
1.100000000000000000e+01 2.900000000000000000e+01 6.846406508097786503e-01
1.100000000000000000e+01 3.100000000000000000e+01 7.181791184753821833e-01
1.100000000000000000e+01 6.000000000000000000e+01 5.239668343309401566e-01
1.100000000000000000e+01 5.300000000000000000e+01 6.189268290578553433e-01
1.100000000000000000e+01 4.400000000000000000e+01 7.523554059827698426e-01
1.100000000000000000e+01 4.500000000000000000e+01 6.600002189790431517e-01
1.100000000000000000e+01 3.200000000000000000e+01 6.774426025165826148e-01
1.100000000000000000e+01 4.600000000000000000e+01 5.069127991243809195e-01
1.100000000000000000e+01 3.300000000000000000e+01 5.288440730524031075e-01
1.100000000000000000e+01 4.700000000000000000e+01 7.171735077448987417e-01
1.100000000000000000e+01 5.400000000000000000e+01 6.443102224489301033e-01
1.100000000000000000e+01 3.400000000000000000e+01 6.832195379187033790e-01
1.100000000000000000e+01 3.500000000000000000e+01 5.155647127800714324e-01
1.100000000000000000e+01 5.700000000000000000e+01 6.895113623125457281e-01
1.100000000000000000e+01 5.800000000000000000e+01 6.663801524905610396e-01
1.200000000000000000e+01 3.700000000000000000e+01 7.598943412202523451e-01
1.200000000000000000e+01 8.000000000000000000e+00 7.293353350978476479e-01
1.200000000000000000e+01 1.400000000000000000e+01 7.294012626052828185e-01
1.200000000000000000e+01 1.500000000000000000e+01 6.441142909626157431e-01
1.200000000000000000e+01 1.600000000000000000e+01 7.549173022784803067e-01
1.200000000000000000e+01 1.700000000000000000e+01 5.295843508860516025e-01
1.200000000000000000e+01 1.800000000000000000e+01 7.249359051846543389e-01
1.200000000000000000e+01 1.900000000000000000e+01 6.823356963950352183e-01
1.200000000000000000e+01 5.000000000000000000e+01 6.679890939606829559e-01
1.200000000000000000e+01 3.900000000000000000e+01 7.796904236252479858e-01
1.200000000000000000e+01 4.100000000000000000e+01 6.090679928532699572e-01
1.200000000000000000e+01 2.000000000000000000e+01 7.430164485289133536e-01
1.200000000000000000e+01 2.100000000000000000e+01 6.311716593123120056e-01
1.200000000000000000e+01 2.200000000000000000e+01 7.304741329728707822e-01
1.200000000000000000e+01 5.100000000000000000e+01 5.651317620292461985e-01
1.200000000000000000e+01 5.900000000000000000e+01 7.632363810594016140e-01
1.200000000000000000e+01 5.200000000000000000e+01 7.595488722424537098e-01
1.200000000000000000e+01 2.300000000000000000e+01 7.333628888664749379e-01
1.200000000000000000e+01 2.500000000000000000e+01 7.680617468248898128e-01
1.200000000000000000e+01 2.600000000000000000e+01 7.216523006616126779e-01
1.200000000000000000e+01 4.200000000000000000e+01 7.355306139348928296e-01
1.200000000000000000e+01 3.100000000000000000e+01 6.321969501043915862e-01
1.200000000000000000e+01 4.300000000000000000e+01 6.425721831069255430e-01
1.200000000000000000e+01 4.500000000000000000e+01 7.050358389725241981e-01
1.200000000000000000e+01 3.300000000000000000e+01 5.041266295211481729e-01
1.200000000000000000e+01 4.700000000000000000e+01 5.038601666369119103e-01
1.200000000000000000e+01 3.400000000000000000e+01 6.311355984200844871e-01
1.200000000000000000e+01 5.800000000000000000e+01 5.369140258624321982e-01
1.300000000000000000e+01 9.000000000000000000e+00 6.885348811514314660e-01
1.300000000000000000e+01 1.400000000000000000e+01 6.906185722577844466e-01
1.300000000000000000e+01 1.500000000000000000e+01 6.172069182676344079e-01
1.300000000000000000e+01 1.600000000000000000e+01 5.029875159987755584e-01
1.300000000000000000e+01 1.700000000000000000e+01 5.781118555668279813e-01
1.300000000000000000e+01 1.800000000000000000e+01 5.539633455070314128e-01
1.300000000000000000e+01 5.600000000000000000e+01 5.576418606301246639e-01
1.300000000000000000e+01 4.000000000000000000e+01 5.982855588945416025e-01
1.300000000000000000e+01 2.100000000000000000e+01 5.290777587114928737e-01
1.300000000000000000e+01 5.900000000000000000e+01 6.799496071734139058e-01
1.300000000000000000e+01 2.400000000000000000e+01 6.901582557055667699e-01
1.300000000000000000e+01 2.500000000000000000e+01 5.154706599255918231e-01
1.300000000000000000e+01 2.600000000000000000e+01 5.388449396417933634e-01
1.300000000000000000e+01 2.700000000000000000e+01 7.774841117481683384e-01
1.300000000000000000e+01 2.900000000000000000e+01 5.560535026339896714e-01
1.300000000000000000e+01 3.000000000000000000e+01 7.801171591435718256e-01
1.300000000000000000e+01 6.000000000000000000e+01 7.151591786952594676e-01
1.300000000000000000e+01 4.500000000000000000e+01 7.061098953332176631e-01
1.300000000000000000e+01 3.200000000000000000e+01 6.533174565768491426e-01
1.300000000000000000e+01 4.600000000000000000e+01 6.088021298804020542e-01
1.300000000000000000e+01 3.300000000000000000e+01 7.491744745230612956e-01
1.300000000000000000e+01 4.700000000000000000e+01 7.303345212403782316e-01
1.300000000000000000e+01 3.500000000000000000e+01 6.743517600140588319e-01
1.300000000000000000e+01 5.700000000000000000e+01 7.208873356122817988e-01
1.400000000000000000e+01 1.500000000000000000e+01 5.410757777300905236e-01
1.400000000000000000e+01 1.600000000000000000e+01 5.483659396044286982e-01
1.400000000000000000e+01 1.700000000000000000e+01 7.295640247805443845e-01
1.400000000000000000e+01 3.800000000000000000e+01 6.810933058758499303e-01
1.400000000000000000e+01 1.900000000000000000e+01 5.391759527009729602e-01
1.400000000000000000e+01 5.000000000000000000e+01 6.872308477666947413e-01
1.400000000000000000e+01 5.600000000000000000e+01 6.301360538931833899e-01
1.400000000000000000e+01 3.900000000000000000e+01 5.709512066513832140e-01
1.400000000000000000e+01 4.000000000000000000e+01 5.962009976145810075e-01
1.400000000000000000e+01 4.100000000000000000e+01 7.039284056878840623e-01
1.400000000000000000e+01 2.000000000000000000e+01 6.305103337649907713e-01
1.400000000000000000e+01 2.100000000000000000e+01 6.160143521167771308e-01
1.400000000000000000e+01 5.100000000000000000e+01 5.674624393542845313e-01
1.400000000000000000e+01 5.900000000000000000e+01 6.863820987940716378e-01
1.400000000000000000e+01 5.200000000000000000e+01 7.064120624946893523e-01
1.400000000000000000e+01 2.300000000000000000e+01 5.900695535383915225e-01
1.400000000000000000e+01 2.400000000000000000e+01 6.115535382221733984e-01
1.400000000000000000e+01 2.500000000000000000e+01 6.898492568755196785e-01
1.400000000000000000e+01 2.600000000000000000e+01 6.384264693292814874e-01
1.400000000000000000e+01 4.200000000000000000e+01 5.766438619152670642e-01
1.400000000000000000e+01 2.900000000000000000e+01 7.466294537643076712e-01
1.400000000000000000e+01 4.800000000000000000e+01 5.342667233325756326e-01
1.400000000000000000e+01 5.300000000000000000e+01 7.688929941391420275e-01
1.400000000000000000e+01 4.400000000000000000e+01 5.300302098235576409e-01
1.400000000000000000e+01 4.500000000000000000e+01 7.331657754027021134e-01
1.400000000000000000e+01 3.200000000000000000e+01 5.209651187622420521e-01
1.400000000000000000e+01 4.600000000000000000e+01 7.004267399915680148e-01
1.400000000000000000e+01 3.300000000000000000e+01 7.685825759715008143e-01
1.400000000000000000e+01 4.700000000000000000e+01 6.914468265058364427e-01
1.400000000000000000e+01 5.400000000000000000e+01 6.508073078633358488e-01
1.400000000000000000e+01 3.500000000000000000e+01 7.331618205132689470e-01
1.400000000000000000e+01 5.700000000000000000e+01 7.681119034244916488e-01
1.400000000000000000e+01 5.800000000000000000e+01 6.515468645722747310e-01
1.500000000000000000e+01 1.600000000000000000e+01 5.820475304319091547e-01
1.500000000000000000e+01 1.800000000000000000e+01 7.308266231727739148e-01
1.500000000000000000e+01 5.600000000000000000e+01 6.531183479320221696e-01
1.500000000000000000e+01 3.900000000000000000e+01 7.700931782649802493e-01
1.500000000000000000e+01 4.000000000000000000e+01 6.209384030831902601e-01
1.500000000000000000e+01 4.100000000000000000e+01 6.111953022497328414e-01
1.500000000000000000e+01 2.100000000000000000e+01 6.156221221221799267e-01
1.500000000000000000e+01 2.200000000000000000e+01 7.046424167656130111e-01
1.500000000000000000e+01 5.100000000000000000e+01 6.405503752839520892e-01
1.500000000000000000e+01 5.900000000000000000e+01 7.500809497372761259e-01
1.500000000000000000e+01 5.200000000000000000e+01 7.402419105431716773e-01
1.500000000000000000e+01 2.300000000000000000e+01 6.219129409804967645e-01
1.500000000000000000e+01 2.400000000000000000e+01 6.246242126747952872e-01
1.500000000000000000e+01 2.500000000000000000e+01 7.803161741564657028e-01
1.500000000000000000e+01 2.600000000000000000e+01 5.928217627384971822e-01
1.500000000000000000e+01 2.700000000000000000e+01 5.434260844613242325e-01
1.500000000000000000e+01 4.200000000000000000e+01 5.409716339232178983e-01
1.500000000000000000e+01 3.100000000000000000e+01 5.242720883691359690e-01
1.500000000000000000e+01 4.300000000000000000e+01 5.624786158319020624e-01
1.500000000000000000e+01 6.000000000000000000e+01 6.259847909998392801e-01
1.500000000000000000e+01 5.300000000000000000e+01 5.472912639111392474e-01
1.500000000000000000e+01 4.400000000000000000e+01 7.590071926716408512e-01
1.500000000000000000e+01 4.500000000000000000e+01 5.024506316299969244e-01
1.500000000000000000e+01 3.300000000000000000e+01 7.011369722400589977e-01
1.500000000000000000e+01 4.700000000000000000e+01 7.844002163914078896e-01
1.500000000000000000e+01 5.400000000000000000e+01 6.245350676044862936e-01
1.500000000000000000e+01 3.400000000000000000e+01 5.103623064173379298e-01
1.500000000000000000e+01 5.500000000000000000e+01 6.296091006450300620e-01
1.500000000000000000e+01 5.700000000000000000e+01 6.761507354721052465e-01
1.500000000000000000e+01 5.800000000000000000e+01 7.183204020952880242e-01
1.600000000000000000e+01 1.300000000000000000e+01 5.688647196752427693e-01
1.600000000000000000e+01 1.500000000000000000e+01 6.796441676995531589e-01
1.600000000000000000e+01 1.700000000000000000e+01 7.703197774832126754e-01
1.600000000000000000e+01 1.800000000000000000e+01 6.007980119226339344e-01
1.600000000000000000e+01 3.800000000000000000e+01 7.100899695826162761e-01
1.600000000000000000e+01 1.900000000000000000e+01 5.119890534444746510e-01
1.600000000000000000e+01 5.000000000000000000e+01 7.339195718940109137e-01
1.600000000000000000e+01 5.600000000000000000e+01 6.779980696593314038e-01
1.600000000000000000e+01 3.900000000000000000e+01 7.724538697023908274e-01
1.600000000000000000e+01 4.000000000000000000e+01 6.258867691379387255e-01
1.600000000000000000e+01 4.100000000000000000e+01 5.724265297006290165e-01
1.600000000000000000e+01 2.000000000000000000e+01 7.820755474232883309e-01
1.600000000000000000e+01 2.100000000000000000e+01 5.214631432211080941e-01
1.600000000000000000e+01 2.200000000000000000e+01 6.040379409078242556e-01
1.600000000000000000e+01 5.100000000000000000e+01 7.761624354394230929e-01
1.600000000000000000e+01 5.900000000000000000e+01 5.542179474387265437e-01
1.600000000000000000e+01 5.200000000000000000e+01 7.692387536462820252e-01
1.600000000000000000e+01 2.300000000000000000e+01 6.562414610433415785e-01
1.600000000000000000e+01 2.400000000000000000e+01 5.588087291972730908e-01
1.600000000000000000e+01 2.500000000000000000e+01 7.120957722909151411e-01
1.600000000000000000e+01 2.600000000000000000e+01 5.973469708179027782e-01
1.600000000000000000e+01 2.700000000000000000e+01 5.519750817629038853e-01
1.600000000000000000e+01 2.800000000000000000e+01 7.832113936559654821e-01
1.600000000000000000e+01 4.200000000000000000e+01 7.424458235437009224e-01
1.600000000000000000e+01 2.900000000000000000e+01 6.451826612741344835e-01
1.600000000000000000e+01 3.000000000000000000e+01 6.500259177359137830e-01
1.600000000000000000e+01 3.100000000000000000e+01 5.238611834473927420e-01
1.600000000000000000e+01 4.300000000000000000e+01 6.578020794271541849e-01
1.600000000000000000e+01 4.900000000000000000e+01 7.999696063037520233e-01
1.600000000000000000e+01 4.400000000000000000e+01 7.738319103722761660e-01
1.600000000000000000e+01 4.500000000000000000e+01 5.794741480509597586e-01
1.600000000000000000e+01 3.200000000000000000e+01 5.745506499560744107e-01
1.600000000000000000e+01 6.100000000000000000e+01 6.770430005361862680e-01
1.600000000000000000e+01 4.600000000000000000e+01 7.973043289316538162e-01
1.600000000000000000e+01 3.300000000000000000e+01 6.057057793651250410e-01
1.600000000000000000e+01 4.700000000000000000e+01 5.045774905819995215e-01
1.600000000000000000e+01 5.400000000000000000e+01 7.987943057808579717e-01
1.600000000000000000e+01 3.400000000000000000e+01 6.144578585100363144e-01
1.600000000000000000e+01 5.500000000000000000e+01 6.267289191603578891e-01
1.600000000000000000e+01 6.200000000000000000e+01 6.108298181654180370e-01
1.700000000000000000e+01 1.200000000000000000e+01 5.853114151640952389e-01
1.700000000000000000e+01 3.800000000000000000e+01 7.028682039272740045e-01
1.700000000000000000e+01 1.900000000000000000e+01 7.935341756210771980e-01
1.700000000000000000e+01 5.000000000000000000e+01 7.201460331168032525e-01
1.700000000000000000e+01 5.600000000000000000e+01 7.411844500678541614e-01
1.700000000000000000e+01 3.900000000000000000e+01 5.612908825436668803e-01
1.700000000000000000e+01 4.000000000000000000e+01 7.897023700461380802e-01
1.700000000000000000e+01 2.100000000000000000e+01 7.007300686887831809e-01
1.700000000000000000e+01 5.100000000000000000e+01 7.891805179299895556e-01
1.700000000000000000e+01 5.200000000000000000e+01 5.598033151683176056e-01
1.700000000000000000e+01 2.300000000000000000e+01 7.242538940479121834e-01
1.700000000000000000e+01 2.400000000000000000e+01 5.128674280401582797e-01
1.700000000000000000e+01 2.500000000000000000e+01 7.125542532809991947e-01
1.700000000000000000e+01 2.600000000000000000e+01 6.603905007181338771e-01
1.700000000000000000e+01 2.700000000000000000e+01 5.566889507460230924e-01
1.700000000000000000e+01 2.800000000000000000e+01 5.924353043217142067e-01
1.700000000000000000e+01 4.200000000000000000e+01 5.488429470181301895e-01
1.700000000000000000e+01 2.900000000000000000e+01 5.021879545566713121e-01
1.700000000000000000e+01 3.000000000000000000e+01 5.898777164365693881e-01
1.700000000000000000e+01 3.100000000000000000e+01 6.011066492077645762e-01
1.700000000000000000e+01 6.000000000000000000e+01 5.979973103419393698e-01
1.700000000000000000e+01 4.800000000000000000e+01 5.044614880463866857e-01
1.700000000000000000e+01 4.900000000000000000e+01 7.320769320628685017e-01
1.700000000000000000e+01 3.200000000000000000e+01 5.654039184780412786e-01
1.700000000000000000e+01 3.300000000000000000e+01 6.723779610171433108e-01
1.700000000000000000e+01 5.700000000000000000e+01 7.356909036910588284e-01
1.800000000000000000e+01 7.000000000000000000e+00 5.494649693802209356e-01
1.800000000000000000e+01 3.800000000000000000e+01 7.781695836498285779e-01
1.800000000000000000e+01 1.900000000000000000e+01 6.681813076500244808e-01
1.800000000000000000e+01 5.000000000000000000e+01 6.866025336446293093e-01
1.800000000000000000e+01 5.600000000000000000e+01 5.551813355326931099e-01
1.800000000000000000e+01 3.900000000000000000e+01 5.804065082371294704e-01
1.800000000000000000e+01 2.000000000000000000e+01 7.591957041601156142e-01
1.800000000000000000e+01 2.100000000000000000e+01 5.555816377480315982e-01
1.800000000000000000e+01 2.200000000000000000e+01 5.996395079360612446e-01
1.800000000000000000e+01 5.100000000000000000e+01 7.868140441922398809e-01
1.800000000000000000e+01 2.300000000000000000e+01 6.908001086870271257e-01
1.800000000000000000e+01 2.400000000000000000e+01 5.315372748219737709e-01
1.800000000000000000e+01 2.500000000000000000e+01 7.912299433408906957e-01
1.800000000000000000e+01 2.700000000000000000e+01 7.218344277565404976e-01
1.800000000000000000e+01 2.800000000000000000e+01 7.106297468942035511e-01
1.800000000000000000e+01 4.200000000000000000e+01 6.408661036491729579e-01
1.800000000000000000e+01 2.900000000000000000e+01 6.479032857380371269e-01
1.800000000000000000e+01 3.000000000000000000e+01 7.655945856179313669e-01
1.800000000000000000e+01 3.100000000000000000e+01 7.528723892452765520e-01
1.800000000000000000e+01 5.300000000000000000e+01 6.049594465852327074e-01
1.800000000000000000e+01 4.400000000000000000e+01 6.135477106506708189e-01
1.800000000000000000e+01 3.200000000000000000e+01 5.659505618375876290e-01
1.800000000000000000e+01 3.300000000000000000e+01 5.669872425399127280e-01
1.800000000000000000e+01 4.700000000000000000e+01 5.711563662101680761e-01
1.800000000000000000e+01 3.400000000000000000e+01 5.584718067787303175e-01
1.800000000000000000e+01 5.800000000000000000e+01 7.433259320590109853e-01
3.800000000000000000e+01 1.800000000000000000e+01 5.733548811286448554e-01
3.800000000000000000e+01 5.600000000000000000e+01 6.598888042375232743e-01
3.800000000000000000e+01 3.900000000000000000e+01 6.535798596986241993e-01
3.800000000000000000e+01 2.100000000000000000e+01 7.180323452070507262e-01
3.800000000000000000e+01 2.200000000000000000e+01 6.302010887251241478e-01
3.800000000000000000e+01 5.900000000000000000e+01 6.130889880384073898e-01
3.800000000000000000e+01 2.300000000000000000e+01 7.837564885188631481e-01
3.800000000000000000e+01 2.500000000000000000e+01 6.551662813424815601e-01
3.800000000000000000e+01 2.600000000000000000e+01 6.075715514838645470e-01
3.800000000000000000e+01 2.700000000000000000e+01 7.352157123153180152e-01
3.800000000000000000e+01 4.200000000000000000e+01 7.572998880160954904e-01
3.800000000000000000e+01 2.900000000000000000e+01 7.950385890442518422e-01
3.800000000000000000e+01 3.000000000000000000e+01 5.266481558394401352e-01
3.800000000000000000e+01 3.100000000000000000e+01 6.059392692056537744e-01
3.800000000000000000e+01 6.000000000000000000e+01 6.430347068078743344e-01
3.800000000000000000e+01 4.900000000000000000e+01 6.201765940708473535e-01
3.800000000000000000e+01 3.200000000000000000e+01 5.878807885828459812e-01
3.800000000000000000e+01 3.300000000000000000e+01 5.068638077473359704e-01
3.800000000000000000e+01 3.400000000000000000e+01 6.074899770869410798e-01
3.800000000000000000e+01 3.500000000000000000e+01 6.756721765994555540e-01
3.800000000000000000e+01 5.700000000000000000e+01 6.101396015877744716e-01
3.800000000000000000e+01 6.200000000000000000e+01 6.244562306278804709e-01
1.900000000000000000e+01 5.000000000000000000e+01 6.978901436882641862e-01
1.900000000000000000e+01 5.600000000000000000e+01 6.064629441885178718e-01
1.900000000000000000e+01 4.000000000000000000e+01 5.720589289245063824e-01
1.900000000000000000e+01 4.100000000000000000e+01 6.733881188304629006e-01
1.900000000000000000e+01 2.000000000000000000e+01 5.303052176352948122e-01
1.900000000000000000e+01 2.100000000000000000e+01 5.409289408698343404e-01
1.900000000000000000e+01 2.200000000000000000e+01 7.894902620616530697e-01
1.900000000000000000e+01 5.100000000000000000e+01 6.814231584697433286e-01
1.900000000000000000e+01 5.900000000000000000e+01 6.358127952841368113e-01
1.900000000000000000e+01 5.200000000000000000e+01 6.983306759546851206e-01
1.900000000000000000e+01 2.400000000000000000e+01 7.474567782158021423e-01
1.900000000000000000e+01 2.600000000000000000e+01 5.896535503185292848e-01
1.900000000000000000e+01 2.700000000000000000e+01 6.723258932297582202e-01
1.900000000000000000e+01 3.100000000000000000e+01 7.974683628662615487e-01
1.900000000000000000e+01 4.300000000000000000e+01 6.507411900777452241e-01
1.900000000000000000e+01 6.000000000000000000e+01 5.916885889064951165e-01
1.900000000000000000e+01 4.800000000000000000e+01 6.679414370131120382e-01
1.900000000000000000e+01 5.300000000000000000e+01 6.810978949685425610e-01
1.900000000000000000e+01 3.200000000000000000e+01 6.355370275771762278e-01
1.900000000000000000e+01 4.600000000000000000e+01 7.801726129547675859e-01
1.900000000000000000e+01 4.700000000000000000e+01 6.474181575825022072e-01
1.900000000000000000e+01 5.400000000000000000e+01 7.155948992402223485e-01
1.900000000000000000e+01 3.400000000000000000e+01 6.173959512687685613e-01
1.900000000000000000e+01 3.500000000000000000e+01 6.671566326238947964e-01
1.900000000000000000e+01 5.500000000000000000e+01 7.202657761927161451e-01
1.900000000000000000e+01 5.700000000000000000e+01 7.530101312704988725e-01
1.900000000000000000e+01 6.200000000000000000e+01 5.883031887985223918e-01
1.900000000000000000e+01 5.800000000000000000e+01 6.064226930187529563e-01
5.000000000000000000e+01 3.900000000000000000e+01 6.585867873696037433e-01
5.000000000000000000e+01 4.000000000000000000e+01 7.244149761939620014e-01
5.000000000000000000e+01 4.100000000000000000e+01 7.850817737400638263e-01
5.000000000000000000e+01 2.100000000000000000e+01 6.518385105678740077e-01
5.000000000000000000e+01 2.200000000000000000e+01 6.730413607501395390e-01
5.000000000000000000e+01 5.100000000000000000e+01 5.845682370877464118e-01
5.000000000000000000e+01 5.900000000000000000e+01 7.068089677646142155e-01
5.000000000000000000e+01 5.200000000000000000e+01 5.888443907706951697e-01
5.000000000000000000e+01 2.300000000000000000e+01 7.337744961602632454e-01
5.000000000000000000e+01 2.400000000000000000e+01 5.470236648598945095e-01
5.000000000000000000e+01 2.500000000000000000e+01 5.938189618730278507e-01
5.000000000000000000e+01 2.700000000000000000e+01 6.451628026185045606e-01
5.000000000000000000e+01 2.800000000000000000e+01 6.424937234783685280e-01
5.000000000000000000e+01 3.000000000000000000e+01 7.695969764017644987e-01
5.000000000000000000e+01 4.300000000000000000e+01 6.575631579674805494e-01
5.000000000000000000e+01 6.000000000000000000e+01 5.347614758647915023e-01
5.000000000000000000e+01 4.800000000000000000e+01 6.858673864018052235e-01
5.000000000000000000e+01 4.900000000000000000e+01 7.245367453814528513e-01
5.000000000000000000e+01 5.300000000000000000e+01 6.038120544273033463e-01
5.000000000000000000e+01 4.400000000000000000e+01 5.334036538344495426e-01
5.000000000000000000e+01 4.500000000000000000e+01 5.754313467661570369e-01
5.000000000000000000e+01 6.100000000000000000e+01 6.147254686339129748e-01
5.000000000000000000e+01 4.600000000000000000e+01 5.898951248216436349e-01
5.000000000000000000e+01 4.700000000000000000e+01 5.974434413208867811e-01
5.000000000000000000e+01 5.400000000000000000e+01 5.486617298952862765e-01
5.000000000000000000e+01 3.400000000000000000e+01 5.503096953018162818e-01
5.000000000000000000e+01 3.500000000000000000e+01 6.220405896476166596e-01
5.000000000000000000e+01 6.200000000000000000e+01 6.539225709219669280e-01
5.000000000000000000e+01 5.800000000000000000e+01 5.785212579383779419e-01
5.600000000000000000e+01 3.800000000000000000e+01 6.424161187215025048e-01
5.600000000000000000e+01 3.900000000000000000e+01 5.226712096745986802e-01
5.600000000000000000e+01 4.100000000000000000e+01 6.479236005781585650e-01
5.600000000000000000e+01 2.100000000000000000e+01 7.491612600893411411e-01
5.600000000000000000e+01 2.200000000000000000e+01 5.024838906375141967e-01
5.600000000000000000e+01 2.400000000000000000e+01 7.132077770236207037e-01
5.600000000000000000e+01 2.600000000000000000e+01 6.209759236112373237e-01
5.600000000000000000e+01 2.700000000000000000e+01 6.033504838352826694e-01
5.600000000000000000e+01 2.800000000000000000e+01 6.573559987835377871e-01
5.600000000000000000e+01 4.200000000000000000e+01 7.910746997816733295e-01
5.600000000000000000e+01 2.900000000000000000e+01 7.801000710325934895e-01
5.600000000000000000e+01 3.000000000000000000e+01 6.851859020153052704e-01
5.600000000000000000e+01 3.100000000000000000e+01 6.267273978769664078e-01
5.600000000000000000e+01 4.900000000000000000e+01 5.922396031175432007e-01
5.600000000000000000e+01 5.300000000000000000e+01 6.947834009424405100e-01
5.600000000000000000e+01 4.400000000000000000e+01 6.945368189507713508e-01
5.600000000000000000e+01 4.500000000000000000e+01 5.311819749138677604e-01
5.600000000000000000e+01 3.200000000000000000e+01 6.133390883540622562e-01
5.600000000000000000e+01 3.300000000000000000e+01 7.825680972949875525e-01
5.600000000000000000e+01 4.700000000000000000e+01 7.399711774271638953e-01
5.600000000000000000e+01 3.400000000000000000e+01 5.565661484999648856e-01
5.600000000000000000e+01 3.500000000000000000e+01 5.856233910658057429e-01
5.600000000000000000e+01 5.500000000000000000e+01 7.750796614298371967e-01
3.900000000000000000e+01 1.800000000000000000e+01 6.904065852333556297e-01
3.900000000000000000e+01 1.900000000000000000e+01 7.750166653898274971e-01
3.900000000000000000e+01 4.100000000000000000e+01 7.426506892625133194e-01
3.900000000000000000e+01 2.200000000000000000e+01 7.415875004624523648e-01
3.900000000000000000e+01 5.100000000000000000e+01 7.922949217126391552e-01
3.900000000000000000e+01 2.700000000000000000e+01 6.517659747725046415e-01
3.900000000000000000e+01 2.800000000000000000e+01 5.183393419305467598e-01
3.900000000000000000e+01 4.200000000000000000e+01 5.391764766524224095e-01
3.900000000000000000e+01 2.900000000000000000e+01 7.701609783112641772e-01
3.900000000000000000e+01 3.000000000000000000e+01 6.311351118310035702e-01
3.900000000000000000e+01 3.100000000000000000e+01 6.989969282329027145e-01
3.900000000000000000e+01 6.000000000000000000e+01 5.927318716719564007e-01
3.900000000000000000e+01 4.800000000000000000e+01 6.700201760276599527e-01
3.900000000000000000e+01 5.300000000000000000e+01 7.736347508544771934e-01
3.900000000000000000e+01 4.500000000000000000e+01 7.263100593329736565e-01
3.900000000000000000e+01 6.100000000000000000e+01 7.712230795762797797e-01
3.900000000000000000e+01 4.600000000000000000e+01 5.657994817579663493e-01
3.900000000000000000e+01 5.400000000000000000e+01 6.039621739743360473e-01
3.900000000000000000e+01 5.500000000000000000e+01 6.999876880854256633e-01
3.900000000000000000e+01 5.700000000000000000e+01 7.955991594263904787e-01
4.000000000000000000e+01 4.100000000000000000e+01 7.725746360420263636e-01
4.000000000000000000e+01 2.000000000000000000e+01 6.426208075941851616e-01
4.000000000000000000e+01 2.100000000000000000e+01 6.219596453944896686e-01
4.000000000000000000e+01 2.200000000000000000e+01 6.906778359409363466e-01
4.000000000000000000e+01 5.100000000000000000e+01 6.055039030090881846e-01
4.000000000000000000e+01 5.900000000000000000e+01 5.420067284952110320e-01
4.000000000000000000e+01 5.200000000000000000e+01 7.152289050372432344e-01
4.000000000000000000e+01 2.400000000000000000e+01 6.445112309946098295e-01
4.000000000000000000e+01 2.500000000000000000e+01 6.791942774298915797e-01
4.000000000000000000e+01 2.600000000000000000e+01 5.657547750725314684e-01
4.000000000000000000e+01 2.700000000000000000e+01 5.427995114895690643e-01
4.000000000000000000e+01 2.800000000000000000e+01 7.767213312655253388e-01
4.000000000000000000e+01 4.300000000000000000e+01 7.217036203589661802e-01
4.000000000000000000e+01 6.000000000000000000e+01 7.969479958482568183e-01
4.000000000000000000e+01 4.800000000000000000e+01 7.582819889079546183e-01
4.000000000000000000e+01 4.900000000000000000e+01 7.842550779649262171e-01
4.000000000000000000e+01 5.300000000000000000e+01 7.388506531024645607e-01
4.000000000000000000e+01 4.400000000000000000e+01 5.179715423514191786e-01
4.000000000000000000e+01 4.500000000000000000e+01 6.666548808057985998e-01
4.000000000000000000e+01 4.600000000000000000e+01 5.555262728010217366e-01
4.000000000000000000e+01 4.700000000000000000e+01 5.227002630703365682e-01
4.000000000000000000e+01 5.400000000000000000e+01 7.521245201665576197e-01
4.000000000000000000e+01 3.400000000000000000e+01 7.157751671984697861e-01
4.000000000000000000e+01 6.200000000000000000e+01 5.594878353711616459e-01
4.000000000000000000e+01 5.800000000000000000e+01 7.597254429283928356e-01
4.100000000000000000e+01 2.200000000000000000e+01 5.503695036381315298e-01
4.100000000000000000e+01 5.100000000000000000e+01 5.152317214047690275e-01
4.100000000000000000e+01 2.400000000000000000e+01 7.008461424485913360e-01
4.100000000000000000e+01 2.500000000000000000e+01 6.046415495422148290e-01
4.100000000000000000e+01 2.600000000000000000e+01 5.239459990457642213e-01
4.100000000000000000e+01 2.700000000000000000e+01 7.697783511537852341e-01
4.100000000000000000e+01 2.800000000000000000e+01 5.058655578815529630e-01
4.100000000000000000e+01 3.000000000000000000e+01 6.275937284292778529e-01
4.100000000000000000e+01 6.000000000000000000e+01 6.339402981653877722e-01
4.100000000000000000e+01 4.800000000000000000e+01 6.188706069669144272e-01
4.100000000000000000e+01 5.300000000000000000e+01 6.278653954154880257e-01
4.100000000000000000e+01 4.500000000000000000e+01 5.238726234706946316e-01
4.100000000000000000e+01 3.200000000000000000e+01 6.863317968496596144e-01
4.100000000000000000e+01 5.400000000000000000e+01 7.051373266506154591e-01
4.100000000000000000e+01 3.400000000000000000e+01 6.292017784099154243e-01
4.100000000000000000e+01 3.500000000000000000e+01 5.588777258772057444e-01
2.000000000000000000e+01 2.100000000000000000e+01 7.533575612680691869e-01
2.000000000000000000e+01 5.100000000000000000e+01 6.477703597413564385e-01
2.000000000000000000e+01 5.900000000000000000e+01 6.324259596349885992e-01
2.000000000000000000e+01 5.200000000000000000e+01 7.373350029270142603e-01
2.000000000000000000e+01 2.500000000000000000e+01 5.418428047656059787e-01
2.000000000000000000e+01 2.800000000000000000e+01 6.132000316180609145e-01
2.000000000000000000e+01 4.300000000000000000e+01 5.672489572323453633e-01
2.000000000000000000e+01 6.000000000000000000e+01 5.115530395584277912e-01
2.000000000000000000e+01 4.800000000000000000e+01 5.619510819575768146e-01
2.000000000000000000e+01 4.500000000000000000e+01 6.864920818298307914e-01
2.000000000000000000e+01 4.600000000000000000e+01 5.057376008889490349e-01
2.000000000000000000e+01 4.700000000000000000e+01 5.230531110991309962e-01
2.000000000000000000e+01 5.400000000000000000e+01 7.197162193727952850e-01
2.000000000000000000e+01 3.400000000000000000e+01 7.026742217972392623e-01
2.000000000000000000e+01 3.500000000000000000e+01 5.296943692590692088e-01
2.000000000000000000e+01 5.700000000000000000e+01 5.332628157786408751e-01
2.000000000000000000e+01 5.800000000000000000e+01 5.685962683233585224e-01
2.100000000000000000e+01 2.000000000000000000e+01 6.694404144623545827e-01
2.100000000000000000e+01 2.200000000000000000e+01 5.584927634971872390e-01
2.100000000000000000e+01 5.100000000000000000e+01 6.942881813797671109e-01
2.100000000000000000e+01 5.900000000000000000e+01 5.509683696055072133e-01
2.100000000000000000e+01 5.200000000000000000e+01 7.023614689785294685e-01
2.100000000000000000e+01 2.400000000000000000e+01 6.129288915716351038e-01
2.100000000000000000e+01 2.500000000000000000e+01 6.683546244687539328e-01
2.100000000000000000e+01 2.600000000000000000e+01 6.513236594498119647e-01
2.100000000000000000e+01 2.700000000000000000e+01 5.684253396891834065e-01
2.100000000000000000e+01 2.800000000000000000e+01 6.506152921403252076e-01
2.100000000000000000e+01 2.900000000000000000e+01 5.879932345831606622e-01
2.100000000000000000e+01 4.300000000000000000e+01 7.171707520706347427e-01
2.100000000000000000e+01 6.000000000000000000e+01 6.077869260353577774e-01
2.100000000000000000e+01 4.800000000000000000e+01 5.284707396126908652e-01
2.100000000000000000e+01 4.900000000000000000e+01 5.739985432369799634e-01
2.100000000000000000e+01 4.400000000000000000e+01 5.501859332736058761e-01
2.100000000000000000e+01 4.500000000000000000e+01 6.958388829163306699e-01
2.100000000000000000e+01 3.200000000000000000e+01 6.844871578212294860e-01
2.100000000000000000e+01 4.600000000000000000e+01 6.230359515672350135e-01
2.100000000000000000e+01 3.300000000000000000e+01 7.288859576257799011e-01
2.100000000000000000e+01 4.700000000000000000e+01 6.138284828080942113e-01
2.100000000000000000e+01 5.400000000000000000e+01 6.062308780539833464e-01
2.100000000000000000e+01 3.400000000000000000e+01 5.752060796675514398e-01
2.100000000000000000e+01 5.700000000000000000e+01 5.987771846514562402e-01
2.200000000000000000e+01 5.100000000000000000e+01 5.899768007935640712e-01
2.200000000000000000e+01 5.900000000000000000e+01 5.262167279164475797e-01
2.200000000000000000e+01 2.400000000000000000e+01 7.057209681627597542e-01
2.200000000000000000e+01 2.600000000000000000e+01 5.127083551381924620e-01
2.200000000000000000e+01 2.700000000000000000e+01 5.513689229742484432e-01
2.200000000000000000e+01 2.900000000000000000e+01 5.701739730848534027e-01
2.200000000000000000e+01 3.100000000000000000e+01 7.853608527809712303e-01
2.200000000000000000e+01 6.000000000000000000e+01 5.717491808338058812e-01
2.200000000000000000e+01 4.800000000000000000e+01 5.287988655403198512e-01
2.200000000000000000e+01 4.900000000000000000e+01 7.783793870013712146e-01
2.200000000000000000e+01 5.300000000000000000e+01 5.727492726628935493e-01
2.200000000000000000e+01 4.400000000000000000e+01 6.256879154043668567e-01
2.200000000000000000e+01 6.100000000000000000e+01 6.725311941217982925e-01
2.200000000000000000e+01 4.600000000000000000e+01 5.779710108408945279e-01
2.200000000000000000e+01 3.300000000000000000e+01 5.410906535216287727e-01
2.200000000000000000e+01 4.700000000000000000e+01 6.407861334017583843e-01
2.200000000000000000e+01 5.400000000000000000e+01 6.213974744730603739e-01
2.200000000000000000e+01 3.400000000000000000e+01 6.203101772405954506e-01
2.200000000000000000e+01 3.500000000000000000e+01 6.315512905539722999e-01
2.200000000000000000e+01 5.800000000000000000e+01 5.045122131904498097e-01
5.100000000000000000e+01 2.000000000000000000e+01 6.764728898649658984e-01
5.100000000000000000e+01 5.900000000000000000e+01 7.940729107508219808e-01
5.100000000000000000e+01 5.200000000000000000e+01 5.884661839866109911e-01
5.100000000000000000e+01 2.400000000000000000e+01 6.308149506033771114e-01
5.100000000000000000e+01 2.500000000000000000e+01 5.349446287361825370e-01
5.100000000000000000e+01 2.600000000000000000e+01 6.330058602461504647e-01
5.100000000000000000e+01 2.700000000000000000e+01 5.111346402552190415e-01
5.100000000000000000e+01 4.200000000000000000e+01 7.671373784078916458e-01
5.100000000000000000e+01 2.900000000000000000e+01 6.655611779635683956e-01
5.100000000000000000e+01 3.000000000000000000e+01 7.790808023898097012e-01
5.100000000000000000e+01 3.100000000000000000e+01 5.464563722174240468e-01
5.100000000000000000e+01 4.300000000000000000e+01 5.873054018882943872e-01
5.100000000000000000e+01 6.000000000000000000e+01 5.100749790593187560e-01
5.100000000000000000e+01 4.900000000000000000e+01 6.761427618584805455e-01
5.100000000000000000e+01 5.300000000000000000e+01 6.851073194379404541e-01
5.100000000000000000e+01 4.400000000000000000e+01 5.511581600368833378e-01
5.100000000000000000e+01 4.500000000000000000e+01 5.270748557571959259e-01
5.100000000000000000e+01 6.100000000000000000e+01 6.997671163276920625e-01
5.100000000000000000e+01 4.600000000000000000e+01 6.178214246360136386e-01
5.100000000000000000e+01 5.400000000000000000e+01 5.736677948034334396e-01
5.100000000000000000e+01 3.400000000000000000e+01 6.769624626161815373e-01
5.100000000000000000e+01 3.500000000000000000e+01 6.940137202197225186e-01
5.100000000000000000e+01 5.700000000000000000e+01 6.083602876772709056e-01
5.100000000000000000e+01 5.800000000000000000e+01 7.791627971758982030e-01
5.900000000000000000e+01 5.200000000000000000e+01 5.365274351336970504e-01
5.900000000000000000e+01 2.300000000000000000e+01 7.737237407138630729e-01
5.900000000000000000e+01 2.400000000000000000e+01 6.275340795417181372e-01
5.900000000000000000e+01 2.500000000000000000e+01 5.612901814638994180e-01
5.900000000000000000e+01 2.600000000000000000e+01 6.665142352855136787e-01
5.900000000000000000e+01 2.700000000000000000e+01 7.451814415045706630e-01
5.900000000000000000e+01 2.900000000000000000e+01 5.731929421619781362e-01
5.900000000000000000e+01 3.000000000000000000e+01 7.718674670707611485e-01
5.900000000000000000e+01 3.100000000000000000e+01 5.101884816629020936e-01
5.900000000000000000e+01 4.300000000000000000e+01 6.757757556345148631e-01
5.900000000000000000e+01 6.000000000000000000e+01 5.110903817150730388e-01
5.900000000000000000e+01 4.800000000000000000e+01 7.873847343032011059e-01
5.900000000000000000e+01 4.900000000000000000e+01 5.458717574295030017e-01
5.900000000000000000e+01 5.300000000000000000e+01 6.506192044828602583e-01
5.900000000000000000e+01 4.400000000000000000e+01 5.410271159191782919e-01
5.900000000000000000e+01 3.200000000000000000e+01 5.875701888516277061e-01
5.900000000000000000e+01 6.100000000000000000e+01 6.437280719726445888e-01
5.900000000000000000e+01 4.600000000000000000e+01 7.868204448486016966e-01
5.900000000000000000e+01 5.400000000000000000e+01 5.432263346782107982e-01
5.900000000000000000e+01 3.400000000000000000e+01 6.844754836406489185e-01
5.900000000000000000e+01 3.500000000000000000e+01 7.493046324832052241e-01
5.900000000000000000e+01 5.500000000000000000e+01 5.699793047330118378e-01
5.900000000000000000e+01 5.700000000000000000e+01 6.459142159249151582e-01
5.900000000000000000e+01 6.200000000000000000e+01 6.899274922367729657e-01
5.200000000000000000e+01 2.100000000000000000e+01 6.979361440449476373e-01
5.200000000000000000e+01 2.400000000000000000e+01 5.276121784066153397e-01
5.200000000000000000e+01 2.500000000000000000e+01 5.282284513396559023e-01
5.200000000000000000e+01 2.600000000000000000e+01 6.525052094910761546e-01
5.200000000000000000e+01 2.900000000000000000e+01 5.963203621079538053e-01
5.200000000000000000e+01 4.300000000000000000e+01 7.950267055787874071e-01
5.200000000000000000e+01 6.000000000000000000e+01 6.125555188297954201e-01
5.200000000000000000e+01 4.800000000000000000e+01 5.819085226429737689e-01
5.200000000000000000e+01 4.900000000000000000e+01 5.510401774105978534e-01
5.200000000000000000e+01 5.300000000000000000e+01 7.034168020526403442e-01
5.200000000000000000e+01 4.400000000000000000e+01 5.881595874493920073e-01
5.200000000000000000e+01 3.200000000000000000e+01 5.784770053943175672e-01
5.200000000000000000e+01 4.600000000000000000e+01 6.347448593969950981e-01
5.200000000000000000e+01 4.700000000000000000e+01 6.688649846834224810e-01
5.200000000000000000e+01 5.400000000000000000e+01 5.801237351785991647e-01
5.200000000000000000e+01 3.400000000000000000e+01 5.457628337292839138e-01
5.200000000000000000e+01 3.500000000000000000e+01 7.935038240878447002e-01
5.200000000000000000e+01 5.500000000000000000e+01 6.057739971477883456e-01
5.200000000000000000e+01 5.700000000000000000e+01 5.509980540443482067e-01
5.200000000000000000e+01 5.800000000000000000e+01 7.286263042633173148e-01
2.300000000000000000e+01 5.600000000000000000e+01 5.430458078601095862e-01
2.300000000000000000e+01 2.400000000000000000e+01 7.419274366427739409e-01
2.300000000000000000e+01 2.600000000000000000e+01 6.588825291133971751e-01
2.300000000000000000e+01 2.900000000000000000e+01 7.416733025398616341e-01
2.300000000000000000e+01 3.100000000000000000e+01 6.626848610463971223e-01
2.300000000000000000e+01 6.000000000000000000e+01 5.211254275833954175e-01
2.300000000000000000e+01 4.900000000000000000e+01 5.204546519684775108e-01
2.300000000000000000e+01 3.200000000000000000e+01 5.734775928027715519e-01
2.300000000000000000e+01 6.100000000000000000e+01 6.997762725916993887e-01
2.300000000000000000e+01 3.300000000000000000e+01 6.778741669634849032e-01
2.300000000000000000e+01 3.500000000000000000e+01 7.883891666349598371e-01
2.400000000000000000e+01 2.200000000000000000e+01 7.778700712225325997e-01
2.400000000000000000e+01 2.500000000000000000e+01 7.854399231092450417e-01
2.400000000000000000e+01 2.600000000000000000e+01 6.637956339456437815e-01
2.400000000000000000e+01 2.700000000000000000e+01 6.473850479770086874e-01
2.400000000000000000e+01 2.800000000000000000e+01 7.401299959042750842e-01
2.400000000000000000e+01 2.900000000000000000e+01 7.683488770488855479e-01
2.400000000000000000e+01 3.000000000000000000e+01 6.116151834117476982e-01
2.400000000000000000e+01 4.400000000000000000e+01 5.253970164631618367e-01
2.400000000000000000e+01 4.500000000000000000e+01 5.262176282127883908e-01
2.400000000000000000e+01 3.200000000000000000e+01 7.706330185580922976e-01
2.400000000000000000e+01 4.600000000000000000e+01 5.358864461489842856e-01
2.400000000000000000e+01 3.300000000000000000e+01 7.944034795997595433e-01
2.400000000000000000e+01 5.400000000000000000e+01 5.749812022909223108e-01
2.400000000000000000e+01 5.500000000000000000e+01 5.948341678482313988e-01
2.400000000000000000e+01 5.700000000000000000e+01 6.315056040241601165e-01
2.500000000000000000e+01 5.600000000000000000e+01 7.719486177414500716e-01
2.500000000000000000e+01 3.900000000000000000e+01 6.592605847829418053e-01
2.500000000000000000e+01 2.300000000000000000e+01 6.048374539200024325e-01
2.500000000000000000e+01 2.700000000000000000e+01 7.176354173558039395e-01
2.500000000000000000e+01 2.800000000000000000e+01 6.364262896432169025e-01
2.500000000000000000e+01 4.200000000000000000e+01 5.209194649914182795e-01
2.500000000000000000e+01 2.900000000000000000e+01 6.861208239394879227e-01
2.500000000000000000e+01 3.000000000000000000e+01 6.261187615528843731e-01
2.500000000000000000e+01 3.100000000000000000e+01 7.686464428254956571e-01
2.500000000000000000e+01 4.300000000000000000e+01 5.909966430454738351e-01
2.500000000000000000e+01 5.300000000000000000e+01 7.450924180942183339e-01
2.500000000000000000e+01 4.400000000000000000e+01 6.366662600766946900e-01
2.500000000000000000e+01 4.500000000000000000e+01 7.699628270674212516e-01
2.500000000000000000e+01 3.200000000000000000e+01 7.074335135420319887e-01
2.500000000000000000e+01 6.100000000000000000e+01 6.328417013606012498e-01
2.500000000000000000e+01 4.600000000000000000e+01 6.470729921891428260e-01
2.500000000000000000e+01 3.300000000000000000e+01 6.263108771039540557e-01
2.500000000000000000e+01 4.700000000000000000e+01 6.137525474615830312e-01
2.500000000000000000e+01 3.400000000000000000e+01 6.458068815361650561e-01
2.500000000000000000e+01 3.500000000000000000e+01 6.359190816506198329e-01
2.500000000000000000e+01 5.700000000000000000e+01 7.592526749305134048e-01
2.500000000000000000e+01 5.800000000000000000e+01 5.285085851816231362e-01
2.600000000000000000e+01 3.800000000000000000e+01 5.501156650587675223e-01
2.600000000000000000e+01 2.700000000000000000e+01 6.003153821604655382e-01
2.600000000000000000e+01 2.800000000000000000e+01 5.080768535044219991e-01
2.600000000000000000e+01 2.900000000000000000e+01 5.220541666785895041e-01
2.600000000000000000e+01 3.000000000000000000e+01 5.421131091907971378e-01
2.600000000000000000e+01 3.100000000000000000e+01 7.501702303050943321e-01
2.600000000000000000e+01 6.000000000000000000e+01 5.801873091804585769e-01
2.600000000000000000e+01 5.300000000000000000e+01 6.167442649043348712e-01
2.600000000000000000e+01 4.400000000000000000e+01 5.294940516950479292e-01
2.600000000000000000e+01 4.500000000000000000e+01 5.091305720270182800e-01
2.600000000000000000e+01 3.200000000000000000e+01 5.001445094041236938e-01
2.600000000000000000e+01 6.100000000000000000e+01 5.676283636588874693e-01
2.600000000000000000e+01 4.600000000000000000e+01 5.759228221050853858e-01
2.600000000000000000e+01 3.300000000000000000e+01 6.928714535960989185e-01
2.600000000000000000e+01 4.700000000000000000e+01 5.233683144291139122e-01
2.600000000000000000e+01 3.500000000000000000e+01 5.202104569039178728e-01
2.600000000000000000e+01 5.500000000000000000e+01 5.239167435281273377e-01
2.600000000000000000e+01 6.200000000000000000e+01 6.618526570126717079e-01
2.600000000000000000e+01 5.800000000000000000e+01 5.533764272390629957e-01
2.700000000000000000e+01 2.800000000000000000e+01 6.916282688884596297e-01
2.700000000000000000e+01 2.900000000000000000e+01 7.296108959270433125e-01
2.700000000000000000e+01 3.000000000000000000e+01 5.177244935275053805e-01
2.700000000000000000e+01 3.100000000000000000e+01 6.442386688713940268e-01
2.700000000000000000e+01 4.300000000000000000e+01 5.683713548958061468e-01
2.700000000000000000e+01 4.800000000000000000e+01 5.566583978247486852e-01
2.700000000000000000e+01 4.900000000000000000e+01 6.960268966437822558e-01
2.700000000000000000e+01 5.300000000000000000e+01 5.942606704218537095e-01
2.700000000000000000e+01 4.400000000000000000e+01 7.270681704750172614e-01
2.700000000000000000e+01 4.500000000000000000e+01 7.382877359101256420e-01
2.700000000000000000e+01 3.200000000000000000e+01 5.147538862014638950e-01
2.700000000000000000e+01 6.100000000000000000e+01 6.218531111495451125e-01
2.700000000000000000e+01 4.600000000000000000e+01 7.834272435816217461e-01
2.700000000000000000e+01 4.700000000000000000e+01 7.327125983654217967e-01
2.700000000000000000e+01 5.400000000000000000e+01 5.301545369610002334e-01
2.700000000000000000e+01 5.500000000000000000e+01 5.833962461388317866e-01
2.700000000000000000e+01 5.800000000000000000e+01 6.042344542931143980e-01
2.800000000000000000e+01 2.900000000000000000e+01 6.763652380764006988e-01
2.800000000000000000e+01 3.000000000000000000e+01 5.550671303608027962e-01
2.800000000000000000e+01 3.100000000000000000e+01 6.167187050034227402e-01
2.800000000000000000e+01 4.800000000000000000e+01 6.834593472711908424e-01
2.800000000000000000e+01 4.400000000000000000e+01 6.936604111664537164e-01
2.800000000000000000e+01 4.500000000000000000e+01 5.069284039823408472e-01
2.800000000000000000e+01 3.200000000000000000e+01 6.758662346278911937e-01
2.800000000000000000e+01 4.600000000000000000e+01 5.536716520052208379e-01
2.800000000000000000e+01 3.300000000000000000e+01 7.782960094120299210e-01
2.800000000000000000e+01 4.700000000000000000e+01 6.935842290294697010e-01
2.800000000000000000e+01 3.500000000000000000e+01 6.994346121124698223e-01
2.800000000000000000e+01 5.500000000000000000e+01 6.330912209736928586e-01
2.800000000000000000e+01 5.700000000000000000e+01 5.629248181639306958e-01
2.800000000000000000e+01 6.200000000000000000e+01 6.087539123441935152e-01
4.200000000000000000e+01 2.900000000000000000e+01 6.294768451524292985e-01
4.200000000000000000e+01 3.100000000000000000e+01 7.564614889191159097e-01
4.200000000000000000e+01 5.300000000000000000e+01 7.649421055011078607e-01
4.200000000000000000e+01 3.200000000000000000e+01 6.367079693411878960e-01
4.200000000000000000e+01 3.400000000000000000e+01 5.920297041111475256e-01
4.200000000000000000e+01 3.500000000000000000e+01 6.801379456445711957e-01
4.200000000000000000e+01 5.500000000000000000e+01 7.004320378849274720e-01
4.200000000000000000e+01 5.700000000000000000e+01 5.585150494178250380e-01
2.900000000000000000e+01 3.000000000000000000e+01 5.647250685076031784e-01
2.900000000000000000e+01 3.100000000000000000e+01 6.737169520075746432e-01
2.900000000000000000e+01 5.300000000000000000e+01 5.030946531863914606e-01
2.900000000000000000e+01 4.400000000000000000e+01 7.853798573526875604e-01
2.900000000000000000e+01 4.500000000000000000e+01 5.730155451792171561e-01
2.900000000000000000e+01 6.100000000000000000e+01 7.861192368800150598e-01
2.900000000000000000e+01 4.600000000000000000e+01 7.127700349489825005e-01
2.900000000000000000e+01 3.300000000000000000e+01 6.855066150870725572e-01
2.900000000000000000e+01 4.700000000000000000e+01 5.938334467920582949e-01
2.900000000000000000e+01 3.400000000000000000e+01 6.606990719198216899e-01
2.900000000000000000e+01 3.500000000000000000e+01 7.952920967745680247e-01
2.900000000000000000e+01 5.800000000000000000e+01 5.701169550966324051e-01
3.000000000000000000e+01 3.100000000000000000e+01 5.411401528851774723e-01
3.000000000000000000e+01 4.800000000000000000e+01 6.288339338979809234e-01
3.000000000000000000e+01 4.900000000000000000e+01 6.946074524046955689e-01
3.000000000000000000e+01 5.300000000000000000e+01 6.231076908772152922e-01
3.000000000000000000e+01 4.400000000000000000e+01 7.583246638322451716e-01
3.000000000000000000e+01 6.100000000000000000e+01 5.398149644455193519e-01
3.000000000000000000e+01 4.600000000000000000e+01 6.582653260412321128e-01
3.000000000000000000e+01 3.500000000000000000e+01 7.717404870510531367e-01
3.000000000000000000e+01 5.500000000000000000e+01 6.036713876091744924e-01
3.000000000000000000e+01 5.800000000000000000e+01 7.928857174350230075e-01
3.100000000000000000e+01 2.400000000000000000e+01 5.828673825647813223e-01
3.100000000000000000e+01 2.700000000000000000e+01 5.447592116102597526e-01
3.100000000000000000e+01 6.000000000000000000e+01 5.944776513931608886e-01
3.100000000000000000e+01 4.800000000000000000e+01 5.741756435976661521e-01
3.100000000000000000e+01 4.900000000000000000e+01 5.469230792847104006e-01
3.100000000000000000e+01 5.300000000000000000e+01 5.397802104392082079e-01
3.100000000000000000e+01 4.500000000000000000e+01 6.034298604681780365e-01
3.100000000000000000e+01 3.200000000000000000e+01 6.526412708464340851e-01
3.100000000000000000e+01 4.600000000000000000e+01 7.660631340282563206e-01
3.100000000000000000e+01 3.300000000000000000e+01 7.163395700375492225e-01
3.100000000000000000e+01 4.700000000000000000e+01 6.596818401981010549e-01
3.100000000000000000e+01 3.500000000000000000e+01 7.934820711619590128e-01
3.100000000000000000e+01 5.500000000000000000e+01 5.979907556611551156e-01
4.300000000000000000e+01 6.000000000000000000e+01 7.940550799148646810e-01
4.300000000000000000e+01 4.800000000000000000e+01 5.203166976246695885e-01
4.300000000000000000e+01 4.900000000000000000e+01 5.585481746201346187e-01
4.300000000000000000e+01 5.300000000000000000e+01 7.611945091422331888e-01
4.300000000000000000e+01 4.400000000000000000e+01 5.163193803713787000e-01
4.300000000000000000e+01 5.400000000000000000e+01 5.216407923686182668e-01
4.300000000000000000e+01 3.400000000000000000e+01 7.073699177078895950e-01
4.300000000000000000e+01 3.500000000000000000e+01 7.516492891797738052e-01
4.300000000000000000e+01 5.500000000000000000e+01 6.868747289257438604e-01
4.300000000000000000e+01 5.700000000000000000e+01 5.951323461552898708e-01
6.000000000000000000e+01 4.900000000000000000e+01 7.040981287406253841e-01
6.000000000000000000e+01 5.300000000000000000e+01 6.862136749657785639e-01
6.000000000000000000e+01 4.400000000000000000e+01 6.420565632344508167e-01
6.000000000000000000e+01 3.200000000000000000e+01 6.606767606137425863e-01
6.000000000000000000e+01 5.400000000000000000e+01 5.254198954323766602e-01
6.000000000000000000e+01 3.400000000000000000e+01 5.416441288377172869e-01
6.000000000000000000e+01 3.500000000000000000e+01 5.862921368494795615e-01
6.000000000000000000e+01 5.500000000000000000e+01 6.023054182201174056e-01
6.000000000000000000e+01 5.700000000000000000e+01 7.524928553127502306e-01
6.000000000000000000e+01 6.200000000000000000e+01 5.450088257272449610e-01
4.800000000000000000e+01 4.900000000000000000e+01 7.285452418898989979e-01
4.800000000000000000e+01 5.300000000000000000e+01 6.724713046954762241e-01
4.800000000000000000e+01 4.400000000000000000e+01 5.077838682946126392e-01
4.800000000000000000e+01 5.400000000000000000e+01 6.281573118740971795e-01
4.800000000000000000e+01 3.400000000000000000e+01 7.575163030989284785e-01
4.800000000000000000e+01 3.500000000000000000e+01 5.701060452829469494e-01
4.800000000000000000e+01 5.500000000000000000e+01 5.519432940230295515e-01
4.800000000000000000e+01 5.700000000000000000e+01 7.321920596512689894e-01
4.800000000000000000e+01 6.200000000000000000e+01 6.115103519403579657e-01
4.900000000000000000e+01 5.300000000000000000e+01 7.864946302120554567e-01
4.900000000000000000e+01 4.400000000000000000e+01 5.543170695522710023e-01
4.900000000000000000e+01 3.200000000000000000e+01 6.074651785421959493e-01
4.900000000000000000e+01 4.600000000000000000e+01 5.472605504492923378e-01
4.900000000000000000e+01 3.300000000000000000e+01 6.908563942514645007e-01
4.900000000000000000e+01 4.700000000000000000e+01 6.474991187239744761e-01
4.900000000000000000e+01 5.400000000000000000e+01 7.838630998593532073e-01
4.900000000000000000e+01 3.400000000000000000e+01 6.090349571828076458e-01
4.900000000000000000e+01 3.500000000000000000e+01 7.086204856131346208e-01
4.900000000000000000e+01 5.700000000000000000e+01 7.758029348635712141e-01
4.900000000000000000e+01 6.200000000000000000e+01 7.569347182497253579e-01
5.300000000000000000e+01 4.400000000000000000e+01 5.329106534009526719e-01
5.300000000000000000e+01 4.500000000000000000e+01 6.185872516080247463e-01
5.300000000000000000e+01 6.100000000000000000e+01 5.958425784180626517e-01
5.300000000000000000e+01 4.600000000000000000e+01 5.122560559989700613e-01
5.300000000000000000e+01 3.300000000000000000e+01 6.888007413942947021e-01
5.300000000000000000e+01 5.400000000000000000e+01 5.244023246761121415e-01
5.300000000000000000e+01 3.400000000000000000e+01 7.206212637891403761e-01
5.300000000000000000e+01 3.500000000000000000e+01 6.906081530551798631e-01
5.300000000000000000e+01 5.500000000000000000e+01 5.577588759035655430e-01
5.300000000000000000e+01 5.700000000000000000e+01 7.934908189464960904e-01
5.300000000000000000e+01 6.200000000000000000e+01 7.108227224960901314e-01
4.400000000000000000e+01 4.500000000000000000e+01 7.330239984777481288e-01
4.400000000000000000e+01 4.600000000000000000e+01 7.814708827315915984e-01
4.400000000000000000e+01 4.700000000000000000e+01 7.778207683367484027e-01
4.400000000000000000e+01 3.500000000000000000e+01 6.694090215432171309e-01
4.400000000000000000e+01 5.500000000000000000e+01 7.645650506998689089e-01
4.500000000000000000e+01 3.200000000000000000e+01 7.160191493168813759e-01
4.500000000000000000e+01 4.600000000000000000e+01 7.280378597694111553e-01
4.500000000000000000e+01 4.700000000000000000e+01 6.525944916913830607e-01
4.500000000000000000e+01 3.400000000000000000e+01 6.542943500776905452e-01
4.500000000000000000e+01 3.500000000000000000e+01 5.534521867327482081e-01
4.500000000000000000e+01 5.700000000000000000e+01 5.259751456025855143e-01
3.200000000000000000e+01 6.100000000000000000e+01 5.984701874295501600e-01
3.200000000000000000e+01 4.600000000000000000e+01 5.291514474525532696e-01
3.200000000000000000e+01 4.700000000000000000e+01 5.591689585878757418e-01
3.200000000000000000e+01 3.500000000000000000e+01 5.395141754748248308e-01
3.200000000000000000e+01 5.800000000000000000e+01 6.010986409444176726e-01
6.100000000000000000e+01 5.700000000000000000e+01 7.689839221565448746e-01
4.600000000000000000e+01 3.200000000000000000e+01 7.691448724533326287e-01
4.600000000000000000e+01 3.400000000000000000e+01 7.721057349127014025e-01
4.600000000000000000e+01 3.500000000000000000e+01 5.678292792421314461e-01
4.600000000000000000e+01 5.500000000000000000e+01 7.375962237939794885e-01
4.600000000000000000e+01 5.700000000000000000e+01 5.015686122760096843e-01
4.600000000000000000e+01 6.200000000000000000e+01 6.468805544457001400e-01
3.300000000000000000e+01 4.700000000000000000e+01 6.021632523803752690e-01
3.300000000000000000e+01 5.400000000000000000e+01 7.055388939161331141e-01
3.300000000000000000e+01 3.400000000000000000e+01 6.694756988665467867e-01
3.300000000000000000e+01 3.500000000000000000e+01 5.567699855701816469e-01
3.300000000000000000e+01 5.500000000000000000e+01 5.508485635283711934e-01
3.300000000000000000e+01 5.700000000000000000e+01 7.476124103556093248e-01
4.700000000000000000e+01 3.400000000000000000e+01 7.599826558027462653e-01
4.700000000000000000e+01 3.500000000000000000e+01 5.585643930858518180e-01
4.700000000000000000e+01 5.700000000000000000e+01 6.911971502945570833e-01
4.700000000000000000e+01 5.800000000000000000e+01 6.144561515592212864e-01
5.400000000000000000e+01 3.400000000000000000e+01 6.349679099870004784e-01
5.400000000000000000e+01 3.500000000000000000e+01 7.158145142821352724e-01
5.400000000000000000e+01 5.500000000000000000e+01 7.883271566706827604e-01
5.400000000000000000e+01 5.700000000000000000e+01 6.536183822373848873e-01
5.400000000000000000e+01 6.200000000000000000e+01 7.542789201940371946e-01
5.400000000000000000e+01 5.800000000000000000e+01 7.707590993185695627e-01
3.400000000000000000e+01 3.500000000000000000e+01 6.998029534355629799e-01
3.400000000000000000e+01 5.500000000000000000e+01 6.976272515959410780e-01
3.400000000000000000e+01 5.700000000000000000e+01 6.495456094348055487e-01
3.400000000000000000e+01 6.200000000000000000e+01 5.409492207129844576e-01
3.400000000000000000e+01 5.800000000000000000e+01 6.048509725218682576e-01
3.500000000000000000e+01 5.500000000000000000e+01 5.229290245845820140e-01
3.500000000000000000e+01 5.700000000000000000e+01 5.808468028612323586e-01
3.500000000000000000e+01 6.200000000000000000e+01 5.877587412314481119e-01
3.500000000000000000e+01 5.800000000000000000e+01 7.545312492619520306e-01
5.500000000000000000e+01 5.700000000000000000e+01 6.360652621958611252e-01
5.500000000000000000e+01 6.200000000000000000e+01 6.695242852175771198e-01
5.700000000000000000e+01 6.200000000000000000e+01 5.308212001707600658e-01
5.700000000000000000e+01 5.800000000000000000e+01 7.821338505641984851e-01
