5.061001933984790035e-01
4.029284582861735187e-01
6.215517018486058642e-01
8.456194703549826386e-01
2.573700319792948110e-01
7.495828900906835734e-01
2.539214631577484393e-01
7.915798144537440351e-01
7.074542224606359397e-01
7.226061909270344863e-01
7.431234601446135013e-01
2.288637320905581585e-01
5.082986389438046704e-01
3.714868174447103488e-01
8.408934114633455081e-01
7.724447650139099064e-01
7.623782526873923437e-01
8.464377462813950093e-01
6.619992790887339051e-01
6.757958814949365234e-01
2.949404354040613963e-01
6.636676169198161279e-01
3.611485532682791044e-01
3.666321270358507967e-01
5.253620189121461781e-01
5.610981096206089092e-01
2.046739594072547186e-01
7.844110897734699606e-01
6.075473259947399285e-01
3.426872730543656931e-01
4.010834961390358222e-01
7.404637821587696234e-01
3.050585088946070056e-01
2.375057428097212542e-01
2.677508399108164960e-01
3.002040197095302565e-01
8.857872267587385551e-01
8.425974978018280215e-01
5.936139921485339421e-01
7.292719868768553493e-01
7.106957256655290767e-01
3.693665487130754488e-01
7.299703249995557197e-01
7.621468855727819847e-01
2.619140063769571092e-01
6.404533234664511188e-01
4.120933608900066991e-01
8.889141898414605336e-01
4.960016645179095018e-01
6.697428441888506612e-01
8.307591442473380994e-01
8.545790869560550007e-01
8.797750026534021384e-01
4.292088701915905968e-01
2.540818498985810692e-01
3.470893926908216187e-01
5.007074008100249607e-01
3.826637443064714872e-01
2.077799824771746628e-01
8.773856172826712818e-01
4.959130986724795132e-01
8.314878843880841863e-01
6.464851099199091511e-01
