6.945710625492558243e-01
6.906681433274393100e-01
6.437410697271116478e-01
6.862500868150378519e-01
6.739583599228151645e-01
6.306773464743781199e-01
6.613332432734652100e-01
6.423356532550673625e-01
6.878858450657210355e-01
6.841864374223314282e-01
6.511488400001671506e-01
6.619666568524005257e-01
6.402451994094898735e-01
6.112903523860021560e-01
6.106278387396938401e-01
6.655269090675066668e-01
6.168142028004000021e-01
6.256424984541756329e-01
6.461572190467212984e-01
6.354911329201377024e-01
6.738197507330223601e-01
6.462230002214425229e-01
6.817248425371746912e-01
6.395798091807396446e-01
6.637124962778322423e-01
6.281239852797622092e-01
6.708555096180028876e-01
6.193694801985278886e-01
6.534999658185730587e-01
6.454272178811425453e-01
6.682161451483955572e-01
6.658244334957145183e-01
6.109911519214475950e-01
6.124194344177237292e-01
6.296894751812683877e-01
6.686655138640644758e-01
6.548784465176280545e-01
6.742557004162440526e-01
6.455584495632744613e-01
6.203382494966991345e-01
6.635390301461674412e-01
6.407512847313835413e-01
6.063874825746534691e-01
6.094657646062220380e-01
6.769210399295682024e-01
6.316560754087537921e-01
6.430236422617413572e-01
6.601663213280396514e-01
6.388741979769592128e-01
6.282743622632772640e-01
6.040301244852437357e-01
6.149498085224944788e-01
6.319045949139715512e-01
6.434208610841628539e-01
6.922844164411292578e-01
6.720663524229455454e-01
6.123737134113707015e-01
6.266858415491196599e-01
6.240093112953667420e-01
6.552758153281401654e-01
6.330255278725172019e-01
6.595220218550505997e-01
6.695708449270365570e-01
6.904985987579312923e-01
6.576359138251702818e-01
6.708578665995341694e-01
6.843355725681535828e-01
6.217184434022297035e-01
6.546504635699474939e-01
6.296863955979385974e-01
6.202779556581135001e-01
6.560387103580631596e-01
6.460033192945326963e-01
6.670377401121213579e-01
6.967325311072110061e-01
6.984196946534088069e-01
