1.000000000000000000e+00 2.000000000000000000e+00 6.157080756574884184e-01
3.000000000000000000e+00 2.000000000000000000e+00 5.175528499309428598e-01
4.000000000000000000e+00 2.000000000000000000e+00 7.171481105037756931e-01
5.000000000000000000e+00 2.000000000000000000e+00 7.330103752551297980e-01
2.000000000000000000e+00 6.000000000000000000e+00 7.606199265429003376e-01
2.000000000000000000e+00 7.000000000000000000e+00 6.022465674486070508e-01
2.000000000000000000e+00 8.000000000000000000e+00 5.858934911388773426e-01
8.000000000000000000e+00 9.000000000000000000e+00 5.677384477362051873e-01
1.000000000000000000e+01 9.000000000000000000e+00 5.013091419865568499e-01
1.100000000000000000e+01 9.000000000000000000e+00 7.501853254242787372e-01
1.100000000000000000e+01 1.200000000000000000e+01 6.857959687213722733e-01
1.200000000000000000e+01 9.000000000000000000e+00 6.656648416830531767e-01
1.300000000000000000e+01 9.000000000000000000e+00 6.729179031109882025e-01
1.400000000000000000e+01 9.000000000000000000e+00 5.202058432279319522e-01
1.500000000000000000e+01 9.000000000000000000e+00 6.741908904170451633e-01
1.600000000000000000e+01 9.000000000000000000e+00 6.123191850620020027e-01
1.700000000000000000e+01 9.000000000000000000e+00 6.709871739562949244e-01
1.700000000000000000e+01 1.600000000000000000e+01 7.850147169763940225e-01
1.800000000000000000e+01 1.700000000000000000e+01 5.741874211380204596e-01
1.900000000000000000e+01 1.700000000000000000e+01 7.199635049486371452e-01
2.000000000000000000e+01 1.700000000000000000e+01 5.530698718577257145e-01
2.100000000000000000e+01 1.700000000000000000e+01 5.951088977425023074e-01
2.200000000000000000e+01 1.700000000000000000e+01 5.902873560829752231e-01
2.300000000000000000e+01 1.700000000000000000e+01 7.518489245833003265e-01
2.400000000000000000e+01 1.700000000000000000e+01 6.229716016298069148e-01
2.500000000000000000e+01 1.700000000000000000e+01 7.573514147351980696e-01
2.600000000000000000e+01 1.700000000000000000e+01 7.780992678507918647e-01
1.800000000000000000e+01 1.900000000000000000e+01 5.873779747137102270e-01
1.800000000000000000e+01 2.600000000000000000e+01 6.526198671609313440e-01
2.700000000000000000e+01 2.600000000000000000e+01 6.447894221791150571e-01
2.800000000000000000e+01 2.600000000000000000e+01 5.552254985000069087e-01
2.900000000000000000e+01 2.600000000000000000e+01 6.885750798437364484e-01
3.000000000000000000e+01 2.600000000000000000e+01 7.876215753090379801e-01
2.600000000000000000e+01 1.600000000000000000e+01 6.974642529633146015e-01
2.600000000000000000e+01 3.100000000000000000e+01 7.585036107036843278e-01
3.200000000000000000e+01 2.800000000000000000e+01 6.577247527832361662e-01
3.300000000000000000e+01 2.800000000000000000e+01 7.873627520570578575e-01
3.400000000000000000e+01 2.800000000000000000e+01 5.610601842520002158e-01
3.500000000000000000e+01 2.800000000000000000e+01 7.260070034777718062e-01
3.600000000000000000e+01 2.800000000000000000e+01 7.315914004733942155e-01
3.700000000000000000e+01 2.800000000000000000e+01 7.156120050495783369e-01
3.800000000000000000e+01 2.800000000000000000e+01 5.739980189735190974e-01
3.200000000000000000e+01 3.300000000000000000e+01 6.675675582957121268e-01
3.200000000000000000e+01 9.000000000000000000e+00 6.448335432949888757e-01
3.900000000000000000e+01 9.000000000000000000e+00 5.547714098388439874e-01
4.000000000000000000e+01 9.000000000000000000e+00 6.742797222733731832e-01
2.400000000000000000e+01 2.600000000000000000e+01 5.063203979420316525e-01
2.500000000000000000e+01 2.600000000000000000e+01 6.044824439705238639e-01
1.600000000000000000e+01 4.100000000000000000e+01 6.356721624492220890e-01
4.100000000000000000e+01 4.200000000000000000e+01 6.668914784287092168e-01
4.300000000000000000e+01 4.100000000000000000e+01 6.064923173459452199e-01
4.400000000000000000e+01 4.100000000000000000e+01 6.545286534191450123e-01
4.200000000000000000e+01 4.500000000000000000e+01 5.780458381695521286e-01
4.100000000000000000e+01 4.500000000000000000e+01 7.500807484625581223e-01
4.600000000000000000e+01 4.500000000000000000e+01 5.743655694964291403e-01
4.400000000000000000e+01 4.500000000000000000e+01 6.712211291578189520e-01
4.700000000000000000e+01 4.500000000000000000e+01 6.104670713486515243e-01
1.600000000000000000e+01 4.500000000000000000e+01 6.818584084376231313e-01
4.500000000000000000e+01 9.000000000000000000e+00 6.503248655982616366e-01
4.800000000000000000e+01 4.500000000000000000e+01 5.046874527249615161e-01
4.900000000000000000e+01 4.500000000000000000e+01 5.401494408095607325e-01
5.000000000000000000e+01 4.500000000000000000e+01 5.021572212874855223e-01
5.100000000000000000e+01 4.500000000000000000e+01 7.172549422966016941e-01
5.200000000000000000e+01 4.500000000000000000e+01 6.025758079202985229e-01
5.300000000000000000e+01 4.500000000000000000e+01 5.731381404859445805e-01
5.400000000000000000e+01 4.500000000000000000e+01 6.998679804145236938e-01
5.500000000000000000e+01 4.500000000000000000e+01 7.122339268942392554e-01
5.600000000000000000e+01 4.500000000000000000e+01 7.062191423753207964e-01
5.700000000000000000e+01 5.300000000000000000e+01 5.361365497224578336e-01
5.300000000000000000e+01 5.800000000000000000e+01 7.580027533458715272e-01
1.700000000000000000e+01 4.500000000000000000e+01 6.673528457355260013e-01
5.900000000000000000e+01 4.500000000000000000e+01 5.515409455984277010e-01
6.000000000000000000e+01 4.500000000000000000e+01 5.402878455727123663e-01
6.100000000000000000e+01 4.500000000000000000e+01 7.859714783112896619e-01
6.100000000000000000e+01 6.000000000000000000e+01 5.757287472708030318e-01
6.200000000000000000e+01 6.000000000000000000e+01 7.131395658161094886e-01
6.300000000000000000e+01 6.100000000000000000e+01 6.504933946638968845e-01
6.400000000000000000e+01 6.100000000000000000e+01 6.590860532688294082e-01
6.400000000000000000e+01 5.900000000000000000e+01 5.556743512275135188e-01
6.400000000000000000e+01 4.500000000000000000e+01 6.017519424327375521e-01
3.100000000000000000e+01 6.400000000000000000e+01 7.515258152882873244e-01
6.000000000000000000e+01 6.500000000000000000e+01 7.757977616429783119e-01
1.600000000000000000e+01 6.600000000000000000e+01 5.159295240064247778e-01
6.600000000000000000e+01 9.000000000000000000e+00 7.103519873119074068e-01
6.600000000000000000e+01 6.400000000000000000e+01 7.767659942212243873e-01
6.700000000000000000e+01 6.600000000000000000e+01 6.093183608884171765e-01
6.800000000000000000e+01 6.600000000000000000e+01 5.521924800544630862e-01
6.900000000000000000e+01 6.600000000000000000e+01 7.780341995957433809e-01
7.000000000000000000e+01 6.600000000000000000e+01 6.405525929491853177e-01
7.100000000000000000e+01 6.600000000000000000e+01 5.215882586870344007e-01
7.200000000000000000e+01 6.600000000000000000e+01 6.408345151375974824e-01
7.300000000000000000e+01 6.600000000000000000e+01 7.740344669687102552e-01
7.400000000000000000e+01 6.600000000000000000e+01 7.680050216151758091e-01
7.500000000000000000e+01 6.600000000000000000e+01 6.503252797820544551e-01
7.500000000000000000e+01 6.400000000000000000e+01 7.884625867666588128e-01
1.600000000000000000e+01 4.400000000000000000e+01 6.081883068321709551e-01
5.900000000000000000e+01 6.500000000000000000e+01 5.474159947636906276e-01
6.500000000000000000e+01 4.500000000000000000e+01 7.444919543672470219e-01
6.400000000000000000e+01 6.500000000000000000e+01 5.863145033972083642e-01
6.400000000000000000e+01 6.000000000000000000e+01 7.226142480102980548e-01
6.400000000000000000e+01 6.300000000000000000e+01 7.928758121922661051e-01
6.300000000000000000e+01 4.500000000000000000e+01 7.258237797601319041e-01
2.600000000000000000e+01 6.400000000000000000e+01 7.503116684337429731e-01
1.600000000000000000e+01 7.500000000000000000e+01 7.446351813740113013e-01
2.600000000000000000e+01 9.000000000000000000e+00 5.172715772650803290e-01
8.000000000000000000e+00 3.200000000000000000e+01 7.098527501114386684e-01
3.200000000000000000e+01 1.000000000000000000e+01 7.946101461862177251e-01
6.900000000000000000e+01 9.000000000000000000e+00 5.644587608298601289e-01
7.400000000000000000e+01 9.000000000000000000e+00 6.651411149381953880e-01
6.800000000000000000e+01 7.000000000000000000e+01 7.698426062846239759e-01
6.400000000000000000e+01 7.000000000000000000e+01 6.264387312418672193e-01
1.000000000000000000e+01 4.500000000000000000e+01 6.402213268939823676e-01
6.400000000000000000e+01 6.700000000000000000e+01 6.885025658073695709e-01
7.000000000000000000e+01 7.400000000000000000e+01 5.524945519394345306e-01
