2.759480454283449831e+02
2.350299950833828007e+02
2.349414660050763359e+02
2.292366527227523534e+02
2.274401081641510132e+02
2.274401081641510132e+02
2.274401081641510132e+02
2.274401081641510132e+02
2.274401078371146809e+02
2.274401078371146809e+02
2.274401078371146809e+02
2.274401078371146809e+02
2.274401078371146809e+02
2.274401078371146809e+02
2.274401078371146809e+02
2.274401078371146809e+02
2.274401078371146809e+02
2.274401078371146809e+02
2.274401078371146809e+02
2.274401078371146809e+02
2.274401078371146809e+02
