2.759480454283449831e+02
2.455684486556300499e+02
2.455683340088961017e+02
2.455683340088961017e+02
2.455683340088961017e+02
2.455683340088961017e+02
2.455683340088961017e+02
2.455683340088961017e+02
2.455683340088961017e+02
2.455683340088961017e+02
2.455683340088961017e+02
2.455683340088961017e+02
2.455683340088961017e+02
2.455683340088961017e+02
2.455683340088961017e+02
2.455683340088961017e+02
2.455683340088961017e+02
2.455683340088961017e+02
2.455683340088961017e+02
2.455683340088961017e+02
2.455683340088961017e+02
