2.655904172665512988e+02
2.565265533133706413e+02
2.564686661648466384e+02
2.555521825391419952e+02
2.554314822344436209e+02
2.553136419496395035e+02
2.552647038681751610e+02
2.552450285039422795e+02
2.552380828692342618e+02
2.552359187248550541e+02
2.552348714170693427e+02
2.552344876659288673e+02
2.552343778109296011e+02
2.552343110097946237e+02
2.552343009154575100e+02
2.552342972665741456e+02
2.552342954645207271e+02
2.552342947798344142e+02
2.552342944396124551e+02
2.552342943448886103e+02
2.552342942887479467e+02
