2.759480454283449831e+02
2.622308147183358642e+02
2.620842271148948726e+02
2.620842271148948726e+02
2.620601481823186418e+02
2.620601481823186418e+02
2.620601481823186418e+02
2.620601481823186418e+02
2.620601481823186418e+02
2.620601481823186418e+02
2.620601481823186418e+02
2.620601481823186418e+02
2.620601481823186418e+02
2.620601481823186418e+02
2.620601481823186418e+02
2.620601481823186418e+02
2.620601481823186418e+02
2.620601481823186418e+02
2.620601481823186418e+02
2.620601481823186418e+02
2.620601481823186418e+02
