2.759480454283449831e+02
2.624953164920177642e+02
2.624953164920177642e+02
2.624953164920177642e+02
2.624953164920177642e+02
2.624953164920177642e+02
2.624953164920177642e+02
2.624953164920177642e+02
2.624953164920177642e+02
2.624953164920177642e+02
2.624953164920177642e+02
2.624953164920177642e+02
2.624953164920177642e+02
2.624953164920177642e+02
2.624953164920177642e+02
2.624953164920177642e+02
2.624953164920177642e+02
2.624953164920177642e+02
2.624953164920177642e+02
2.624953164920177642e+02
2.624953164920177642e+02
