2.759480454283449831e+02
2.745664726494047159e+02
2.731556231354655893e+02
2.718261635774176739e+02
2.704922913615706648e+02
2.691370904934188957e+02
2.677611987198955035e+02
2.665084283081662306e+02
2.651561570718736789e+02
2.636889457674288906e+02
2.623747872475043437e+02
2.610861423767651104e+02
2.598218266551020292e+02
2.584830173305104495e+02
2.572235839920824674e+02
2.559916139640731387e+02
2.546542571312771770e+02
2.534264922530487922e+02
2.521168226236900693e+02
2.508968213260521054e+02
2.496130893235954886e+02
