3.138549502809855198e+02
2.489850988074126406e+02
2.489850988074126406e+02
2.489850988074126406e+02
2.489850988074126406e+02
2.489850988074126406e+02
2.489850988074126406e+02
2.489850988074126406e+02
2.489850988074126406e+02
2.489850988074126406e+02
2.489850988074126406e+02
2.489850988074126406e+02
2.489850988074126406e+02
2.489850988074126406e+02
2.489850988074126406e+02
2.489850988074126406e+02
2.489850988074126406e+02
2.489850988074126406e+02
2.489850988074126406e+02
2.489850988074126406e+02
2.489850988074126406e+02
