2.759480454283449831e+02
2.575092399175860578e+02
2.566906676731454695e+02
2.566207914298092305e+02
2.566207914298092305e+02
2.566207914298092305e+02
2.566207914298092305e+02
2.566207914298092305e+02
2.566207914298092305e+02
2.566207914298092305e+02
2.566207914298092305e+02
2.566207914298092305e+02
2.566207914298092305e+02
2.566207914298092305e+02
2.566207914298092305e+02
2.566207914298092305e+02
2.566207914298092305e+02
2.566207914298092305e+02
2.566207914298092305e+02
2.566207914298092305e+02
2.566207914298092305e+02
