2.655904172665512988e+02
2.562681015043982029e+02
2.560613400572202067e+02
2.558959308994778610e+02
2.557636035732839446e+02
2.557636035732839446e+02
2.556577417123288285e+02
2.556577417123288285e+02
2.555730522235647584e+02
2.555053006325534568e+02
2.554626147911156124e+02
2.553804194029769690e+02
2.553511943760832708e+02
2.553511943760832708e+02
2.553226989310674639e+02
2.552976957586818969e+02
2.552785197283209868e+02
2.552625985627884404e+02
2.552569377039324081e+02
2.552531895350370803e+02
2.552488689394203618e+02
