3.523447105576221929e+02
3.534280536082951585e+02
3.522503113305357374e+02
3.441582276336841915e+02
3.435339865373637736e+02
3.354809139399397964e+02
3.250842330509780709e+02
3.237818982177738576e+02
3.183198063307013399e+02
3.221890172814041762e+02
3.267433821095770554e+02
3.256679683945242800e+02
3.173136454765105441e+02
3.157779821261179904e+02
3.106866587437380076e+02
3.051822676894081496e+02
3.066199287604711117e+02
3.088400471514617038e+02
3.005721835782512699e+02
3.085544421495767438e+02
3.056698697057419736e+02
