6.640309190188888877e-01
6.465576873703593463e-01
6.211688922227281973e-01
6.961081521739910238e-01
6.895744689736755806e-01
6.144616937726747885e-01
6.575906443181869232e-01
6.112292628008447748e-01
6.020008218702200820e-01
6.231577122699126781e-01
6.064521129883663209e-01
6.662443670886205593e-01
6.431733321510841872e-01
6.655196069045138385e-01
6.019272583545585142e-01
6.638624333026903468e-01
6.035001050408288492e-01
6.657557434985147404e-01
6.800354789852414150e-01
6.423239793426509525e-01
6.336285043954889007e-01
6.276699286099921560e-01
6.721161113222753336e-01
6.444272070261432006e-01
6.231969916426589595e-01
6.317741289412434069e-01
6.694086609295817336e-01
6.797345716142828564e-01
6.594982071769929233e-01
6.991490393233851242e-01
6.613753399656027154e-01
6.140343712086382411e-01
6.232439332669056364e-01
6.680414751945118468e-01
6.201052879906842064e-01
6.040116986977761560e-01
6.017098708329499113e-01
6.811635073316960609e-01
6.304111864151287214e-01
6.554243198949791793e-01
6.218369368314907719e-01
6.253736812517307619e-01
6.138145801487030484e-01
6.554409628287605205e-01
6.431936526192700843e-01
6.056583281304601662e-01
6.028322368088313565e-01
6.193894443379365233e-01
6.837430145042912022e-01
6.539094772183092763e-01
6.035719483384263118e-01
6.858189968688146454e-01
6.417303883252766239e-01
6.615637309110763420e-01
6.745618263173209783e-01
6.220429184427180846e-01
6.126896214941102148e-01
6.132277647220364392e-01
6.599447513951841593e-01
6.110245966411831375e-01
6.424394938398458876e-01
6.267369153358529621e-01
6.191254560323323775e-01
6.574614725159123596e-01
6.335184862722403887e-01
6.357686113621181523e-01
6.005147042539497049e-01
6.880202550010738882e-01
6.181760239696725279e-01
6.341965336665998931e-01
6.491671017857065795e-01
6.694521657609633358e-01
6.965543445362037955e-01
6.551913361772773170e-01
6.935647164233698092e-01
6.957411312129506697e-01
6.715312313922782161e-01
6.483065125399867235e-01
6.841880734295453514e-01
6.866795649275532210e-01
6.655805353418583481e-01
6.785411561989306284e-01
6.085996970285365570e-01
6.435819427277237326e-01
6.463560218757400389e-01
6.520668449242696951e-01
6.513962669020361140e-01
6.714490433102394684e-01
6.646865110861849280e-01
6.722223830322878735e-01
6.090988618266750532e-01
6.468972607708716183e-01
6.955988186990362809e-01
6.614829038991542065e-01
6.523833189982594094e-01
6.163147969093898393e-01
6.322722051981499725e-01
6.029645139974597612e-01
6.418507530136619010e-01
6.738393578862573730e-01
6.128543204719083537e-01
6.910140555207976432e-01
6.864144559005392887e-01
6.323881766866908949e-01
6.158097530333824787e-01
6.494592060353500118e-01
6.783729017540504058e-01
6.489436657015121845e-01
6.358829801302237072e-01
6.528254735835858913e-01
6.348101183180655527e-01
6.842006571307099883e-01
6.654965708106697075e-01
6.456032539545175641e-01
6.957171730133053789e-01
6.095921113315814210e-01
6.315651891116990102e-01
6.034446844143362965e-01
6.466050038029943492e-01
6.225123386938611336e-01
6.825852055255064998e-01
6.754838398237684727e-01
6.632581382759209498e-01
6.801211148725093691e-01
6.930148292764226614e-01
6.747301580342136562e-01
6.587924581752361286e-01
6.273275363081118883e-01
6.831962386771436302e-01
6.794057276644467347e-01
6.249303664798533386e-01
6.618714743997119454e-01
6.980062911108775303e-01
6.164651837669746781e-01
6.092190864876011469e-01
6.836890525898555726e-01
6.665691363202719266e-01
6.267039882378369064e-01
6.632547348023922762e-01
6.867057757463299605e-01
6.845797045730243058e-01
6.665702509333732984e-01
6.701497408610336270e-01
6.953558501687164828e-01
6.865094361734548345e-01
6.395717323243336194e-01
6.134645552956400349e-01
6.967540864216731356e-01
6.525087138725661484e-01
6.691676724281763189e-01
6.614486539669159892e-01
6.778234571647460127e-01
6.988758400606160937e-01
6.117259319335106582e-01
6.730006858892627619e-01
6.780421710688033787e-01
6.851855637072837846e-01
6.243479808131051634e-01
6.109582793947678780e-01
6.297217498934813973e-01
6.810796297385857123e-01
6.544593500731766822e-01
6.769638755497172644e-01
6.894821210098726061e-01
6.378170889251795206e-01
6.259638446050705962e-01
6.423157144748067315e-01
6.592184755661610884e-01
6.652240728862387487e-01
6.303596789617539331e-01
6.852804416603580639e-01
6.088790426065437966e-01
6.726401975201390382e-01
6.265893956360539807e-01
6.793718612160142278e-01
6.317055167725575959e-01
6.794889496557128261e-01
6.148880730937831274e-01
6.648815780206466242e-01
6.956299054001411353e-01
6.498667680455118001e-01
6.053928191642160561e-01
6.533363981125526188e-01
6.488355781889090235e-01
6.130957720805670919e-01
6.079019350939127708e-01
6.438513480892612550e-01
6.712466397335061785e-01
6.456069413910197063e-01
6.330644825073876714e-01
6.311379028414970671e-01
6.873890238937278019e-01
6.026188091923876389e-01
6.843336778755879646e-01
6.006095695056155037e-01
6.180299754975312476e-01
6.311223983104145008e-01
6.591609721322448934e-01
6.850595432238327787e-01
6.008365259563556160e-01
6.035622351059622970e-01
6.656684574477395033e-01
6.279426581622133963e-01
6.133348685007045109e-01
6.362384794035533808e-01
6.007351374177640757e-01
6.527713466855152857e-01
6.585970743349061074e-01
6.230794463761301083e-01
6.303311909046693806e-01
6.652484620727006082e-01
6.138877291996047703e-01
6.277032872986070267e-01
6.773173766562270437e-01
6.048956908664985255e-01
6.767021904410596145e-01
6.287524180779958671e-01
6.137483749947991729e-01
6.860855287305955841e-01
6.287121493567485730e-01
6.927919614585857921e-01
6.021364039344302421e-01
6.137876296528430586e-01
6.610232100940915956e-01
6.470865722209668824e-01
6.815530812212786671e-01
6.851791245977665312e-01
6.394072383861135744e-01
6.005432739917534457e-01
6.840656886363782885e-01
6.855528358603990569e-01
6.940308882204608842e-01
6.594401031667079804e-01
6.481496758067392117e-01
6.416903389234671629e-01
6.357076076103154172e-01
6.374253268278406992e-01
6.611798206256546129e-01
6.291176653210843739e-01
6.247351695769040036e-01
6.621693044292629171e-01
6.530558928336495095e-01
6.052453917488531676e-01
6.321171746642657574e-01
6.156134715641284894e-01
6.445828600117029517e-01
6.258734553869644834e-01
6.700968482880155230e-01
6.937795354271404369e-01
6.530954608452617105e-01
6.435516342038388737e-01
6.101861287105173615e-01
6.347593111126614840e-01
6.470529744776560843e-01
6.609569564794200991e-01
6.524678466242166408e-01
6.774760129934321862e-01
6.789381264544848138e-01
6.172583802582205514e-01
6.848591645138907280e-01
6.583354867974530178e-01
6.035953821644665096e-01
6.641096945076554459e-01
6.169710114875124329e-01
6.717040041261144179e-01
6.000554717215723644e-01
6.242339905337488393e-01
6.167189968626279883e-01
6.629195185596981066e-01
6.145986804089479394e-01
6.390745800665693643e-01
6.370028126052493800e-01
6.399696310472491323e-01
6.141730241555094505e-01
6.437421213878045112e-01
6.822990926210646956e-01
6.680982072378965908e-01
6.322835557144119711e-01
6.511098024079665647e-01
6.752259914760240234e-01
6.244856236675930816e-01
6.005023203878113724e-01
6.387975081245836906e-01
6.997862486593522391e-01
6.135249763406909196e-01
6.587826101089768738e-01
6.379479729909812713e-01
6.661293954597116151e-01
6.898030772285682621e-01
6.776544518752245505e-01
6.578383549069266589e-01
6.777680232857108411e-01
6.051337355339946322e-01
6.716856295058833970e-01
6.459664876950315104e-01
6.454091981836813652e-01
6.048542270504266849e-01
6.517496153191433272e-01
6.236046895366004206e-01
6.018961917129843631e-01
6.913760810717408667e-01
6.023189152925244594e-01
6.840941825739916826e-01
6.495858438912500699e-01
6.104168239000036245e-01
6.985692862728696273e-01
6.859168751869598735e-01
6.654784233652080161e-01
6.410819850633880934e-01
6.505718095703566517e-01
6.713281689179992906e-01
6.131951547598458729e-01
6.310593852874127885e-01
6.492790575808993214e-01
6.666973425271437437e-01
6.888339053811247670e-01
6.579576037238642483e-01
6.230988551209558635e-01
6.283093095360454683e-01
6.603499827929696364e-01
6.460815534757771150e-01
6.866763198999888962e-01
6.034921384081145534e-01
6.338316183768719636e-01
6.446029774026117432e-01
6.017538884707910318e-01
6.789442349044294556e-01
6.847498295460399120e-01
6.990798617503511947e-01
6.136474048272595461e-01
6.430386636930239819e-01
6.660557765261488905e-01
6.321664544441994993e-01
6.285925608199854908e-01
6.780773917869424849e-01
6.236863652201386499e-01
6.132473802499860405e-01
6.972326928301464388e-01
6.337012238025967470e-01
6.941014972919482551e-01
6.122451514241726844e-01
6.314985428771510145e-01
6.995472542363408985e-01
6.421945687786808632e-01
6.610685892567292887e-01
6.975129414738837630e-01
6.861691846818452900e-01
6.793415908078508370e-01
6.145978497952740982e-01
6.721965569279375607e-01
6.055894139895973138e-01
6.570639219252222274e-01
6.571583408724266384e-01
6.548720222035767646e-01
6.570174840398756988e-01
6.029309282851870178e-01
6.313484728323552897e-01
6.563558610400501703e-01
6.534727910425593977e-01
6.245765106041069048e-01
6.338694708283937329e-01
6.916357028854757116e-01
6.685827781643366441e-01
6.557748139595033221e-01
6.506681328117552843e-01
6.381817320891751688e-01
6.170694969356603776e-01
6.087476608785169496e-01
6.874934796073709498e-01
6.805255072654403659e-01
6.589158584030748722e-01
6.007030771834388494e-01
6.537423086348350676e-01
6.142212171200996940e-01
6.232413240574501412e-01
6.183217377341992949e-01
6.525521218276009172e-01
6.165637831062898977e-01
6.841380399084179276e-01
6.616342010519185024e-01
6.688917932681216483e-01
6.507643714091350118e-01
6.394497637732439177e-01
6.879915510475755891e-01
6.456108292022897377e-01
6.061371627820715258e-01
6.866948689681674489e-01
6.068162521969551193e-01
6.657268911742649786e-01
6.402805782493601328e-01
6.036586935682213273e-01
6.800019049009792260e-01
6.796822888591220746e-01
6.992356254300013951e-01
6.827684071176537417e-01
6.768690228830166467e-01
6.846033402338123075e-01
6.495790743429221692e-01
6.367442110568848346e-01
6.092905014939916652e-01
6.260812083086078061e-01
6.298428773584973106e-01
6.174482462231472013e-01
6.243125907967246313e-01
6.309431925898882909e-01
6.818921525198805567e-01
6.127556520754615654e-01
6.747945371026952133e-01
6.092212345546761387e-01
6.361509698728624596e-01
6.004941811764668014e-01
