9.935589371823708715e-01
5.949278685118714050e-01
9.617895178181257165e-02
9.483853287362399298e-01
2.160651532223160087e-01
7.533434582345943653e-02
3.090496626052610107e-01
5.189671345524393686e-03
5.853496889443542406e-01
6.692656691165547178e-01
6.347697773311933300e-02
1.438159323457107730e-01
3.046795126368216922e-01
6.767640087471740173e-01
5.188087329948097848e-01
6.440871912930654641e-01
8.098330661617029191e-01
4.727287048420907301e-01
2.665938806749299506e-01
2.152901767258125210e-01
2.544002409506163076e-02
1.595312415749192692e-01
8.673447242506931998e-01
4.696207743623214137e-01
1.639921458317709080e-01
2.930553253415421056e-01
7.476573371636957566e-01
3.241530517829361857e-01
1.591063965098615807e-01
7.502025759894018764e-01
3.425725656342095693e-01
3.994254606707865474e-01
8.694896510855020244e-01
1.853001455092390115e-01
7.365720335875020064e-01
4.247146433130933874e-01
2.628952071902039833e-01
5.890020232075021678e-02
5.806600686021210489e-01
3.725374104142155085e-01
7.548859790891206956e-01
8.196178622169858485e-01
5.161815214134899410e-01
9.546333701732759858e-01
6.252145086028739751e-01
7.282168349248441253e-01
4.122813487531973298e-01
5.111198786059699684e-01
5.538583556087709470e-01
6.117132587552678302e-01
9.065022041904378103e-01
1.466374657651901003e-01
7.178183644285993648e-01
2.223432304521559821e-01
5.637431407040907061e-01
6.126084738022048448e-01
1.041719266494681717e-01
6.972893440144822819e-01
3.246780221923613041e-01
9.637805748306027542e-01
1.344568640244941937e-01
5.484310174256371573e-01
7.558743790528800188e-01
5.020186573744946923e-01
1.535491526462475775e-01
9.379410550817434133e-01
3.861424847874511679e-01
1.900665365451142952e-01
8.894076145262003186e-01
8.457853594870251568e-01
7.487143290358162506e-01
7.262602764843544279e-01
9.452128867970338577e-01
3.417494216605457824e-01
5.661222159964035550e-01
7.425895839826992528e-01
9.850672615326645509e-01
4.202205445644416892e-01
4.640879300810453190e-01
9.312476270517507926e-01
2.089655214567087693e-02
7.864945752367439313e-01
5.192315437029484393e-01
1.021053050876002954e-01
9.097889072126317256e-01
8.628073349944048731e-01
2.693381233482827763e-01
6.898218507219421314e-01
7.475227817221119508e-01
5.900102242069417136e-01
5.322284424482340848e-01
2.337782338694702755e-01
7.014594342583848618e-01
9.785693138688988935e-02
9.261869926437349410e-02
5.788113590357076843e-01
8.767805145753826412e-01
9.322064955952271692e-01
2.992723030085627789e-01
1.176492120092975657e-02
1.036538749059812137e-02
7.936732783033135785e-01
8.275964900734228413e-01
6.892873016607803383e-02
1.804522586538161999e-01
6.716904703187304149e-01
5.339047157485010686e-03
3.117239994484068966e-01
4.521779383743096403e-01
9.777477247635303348e-01
2.903685461522106381e-01
2.736410006014420304e-01
7.038550607877317455e-01
4.195943719538127725e-01
7.327973709813873082e-02
2.043194322488750547e-01
4.014431865827783330e-01
5.662325971081374476e-01
7.120377938074788915e-01
4.653285036675400832e-01
5.951701282777055457e-02
9.425085781683166797e-01
6.349318875008013174e-01
6.565655470275422179e-01
8.354003045798918947e-01
2.334375127500546432e-01
4.836054474813189508e-02
5.207291464031168493e-01
5.041283930297825178e-01
6.148259035989389609e-01
1.930054296451122475e-02
2.851226909771854556e-01
1.274501659817000032e-01
5.291459718149125191e-01
2.333094078491193546e-02
9.434716413639367971e-01
5.828649374632869362e-01
9.243179850801693798e-01
5.352035153316339056e-01
3.724084359697066304e-01
6.338379525733299769e-01
1.515862886763397199e-01
2.722224926512206711e-02
8.647152078447305490e-01
8.161135239588057644e-01
9.229910034525889984e-02
6.850265795582153316e-01
1.792325809197081732e-02
4.049025702127057036e-01
9.543273128275427952e-01
2.743163567400892511e-01
5.678996627565280342e-02
5.935160957370346768e-01
4.984857116422938272e-01
5.503153048863215213e-01
7.086927391181602198e-01
3.879619723582009572e-01
6.893472064796687393e-01
7.389939410825915322e-01
3.087248644960893795e-02
9.345583646875064154e-01
8.288871811854310323e-01
9.099674065025128433e-01
9.229218917557358015e-01
1.299877925316910154e-01
5.317912723673928754e-01
4.013938035504843738e-01
5.621059323559638443e-01
7.064824193198661062e-01
3.544682240963740183e-01
8.235961504903031027e-01
9.802038261982313205e-01
8.516408848251753039e-01
5.780532309928743118e-02
9.452373311706780967e-01
8.131256942014786215e-01
2.545866412393436029e-01
4.753199614361433012e-01
4.443904682130573880e-01
3.388701143643507718e-01
8.768542121881367502e-01
1.414771310562299433e-01
6.152211652312432610e-01
1.345728298545709745e-01
7.069363727503970019e-01
7.340532871452887242e-02
1.602716157020790400e-01
7.185919287295796654e-01
5.935304662595312086e-01
8.205152984167733976e-01
7.188071367107751186e-03
2.522046886891146089e-01
9.608395059952853368e-01
6.870700369545998942e-01
7.229938713720007737e-01
5.640643754350671557e-02
7.778913582714563901e-01
3.068394407508402422e-01
4.181042169396443908e-01
3.270010425996949799e-01
3.757294059438279765e-01
5.606915283125757377e-02
9.656036875219482507e-01
7.251460010230929010e-01
2.264863926581295317e-01
1.936775297142639962e-01
8.626178598358779093e-01
7.476099183670575909e-01
8.847986906065301582e-01
4.523852643348404978e-01
7.314644948988677786e-01
9.544077077327328684e-01
4.845268353136583661e-01
1.737668783071775191e-01
1.545695722423434670e-01
2.878602968180291599e-01
9.189912489745153401e-01
6.341123375904438308e-01
2.903882816306544434e-01
5.648585663521263900e-01
3.731383821744882479e-02
5.148949079296657461e-01
7.565873298352807641e-01
1.942594766638187087e-01
1.009961646651583722e-01
6.301476987795018303e-02
5.327568608701843678e-01
7.485012514789776139e-01
9.276232701674435033e-01
8.184991435790389680e-02
5.218116823948784067e-01
5.731443784214784731e-02
2.428804047672332711e-01
9.564895022766939370e-01
2.504932507678303555e-01
8.331058922620591112e-01
1.759934052033635954e-01
9.040196669179102473e-01
3.260725152693709772e-01
6.298420624303904258e-01
3.973855999023467866e-01
4.985277544645888570e-01
1.425034459375396079e-02
2.043229039331472263e-01
9.317456364295285676e-01
3.183894558958422216e-02
5.897808981321392974e-01
1.815098373672585641e-01
3.259034967640017655e-02
9.929337320912026144e-01
6.584965345360259681e-01
7.661941149796607231e-01
1.449679742325665766e-01
6.249568727789677203e-01
9.441517494162292579e-01
4.328199333402704685e-02
9.485274031246857529e-01
5.888613289427778730e-01
2.463620126529361132e-01
4.373015124661021602e-01
5.471566301553940637e-01
9.745044473220161318e-01
6.401807726631689732e-01
9.330545194249316721e-01
5.041432287874686446e-01
6.790675327841286801e-01
9.929145572614660464e-01
5.042982164345288787e-03
3.812868940616225277e-01
3.575783262286497122e-01
4.185031075249069366e-01
1.959348104514359035e-01
3.177872894035077556e-01
5.561965904203606259e-01
8.945961183987269916e-01
3.167514669738711319e-01
6.292086445773947823e-03
6.912997346377508512e-01
8.602094441020082805e-01
4.041186542858149489e-01
2.568251262303513638e-01
8.548345082174265697e-01
9.790484774611862839e-03
2.594713168725515384e-02
9.591966442478213617e-01
6.021736749953600087e-01
3.278124739455420267e-01
1.250175034223640624e-01
5.604563598788232515e-01
7.438301265815114860e-01
6.049069963286402007e-01
5.309588137166567634e-01
1.406668813685345576e-01
1.895114817631944337e-01
3.843201567917804429e-01
5.552013485608726651e-01
6.147214200110897586e-01
8.133432815825871742e-01
7.270695008898528933e-01
4.005798320756596143e-01
4.263115607638665594e-01
4.133242760213327038e-01
7.657427815177634267e-01
8.903503429387059631e-01
3.561719435491381702e-01
1.043555878854617314e-01
6.812775532117613109e-01
8.987997598184376269e-01
7.595038745891514731e-01
8.255947973855888300e-01
3.337684142605461535e-01
3.368442261511744862e-01
4.098855601126198955e-01
3.105764759953770771e-01
5.546915060744728176e-01
2.929242298032785907e-02
8.680465886150884325e-01
6.437366873887434560e-01
8.441449583467425244e-01
5.311767479543829662e-01
7.963518995362679487e-01
4.151195089891416279e-01
4.963191065535965674e-02
8.348983282493260827e-01
8.372674773929509318e-01
7.240353296973612851e-01
9.618836464821551857e-01
6.843603988483926148e-01
3.452617581261824276e-01
7.513049678403403986e-01
8.153907326076613726e-01
6.015117125584819036e-01
4.167629969347500518e-01
5.471562777605020189e-01
6.779917803249865260e-01
3.415847227052463131e-01
7.841143715974034922e-01
5.173707245449737924e-01
8.603739883513812359e-01
6.908861146335318892e-01
4.454059631509257322e-01
7.430972108010099886e-01
4.919784073725385065e-01
3.163672708897016239e-01
3.065369536016683272e-01
2.825803956457220156e-01
1.327490251356363560e-01
4.052558793127287728e-01
1.085479127486498330e-01
6.175971335123966455e-01
2.214830352948238268e-01
5.013413507777008116e-01
4.182689244751383040e-01
7.832827123510648359e-01
2.603323247170205024e-01
7.648904211832582289e-01
3.534561611180668805e-01
9.247038502375930502e-01
1.492418887397917171e-01
7.720482815766569473e-01
5.617996759155137187e-01
7.709100908513391026e-01
4.416399863317485019e-01
1.117826053874437786e-02
1.553477653234213163e-01
8.797541737852991872e-01
8.070003513506099901e-01
4.884617163517663840e-01
8.804998735998680326e-01
3.119252086658187428e-01
8.357287003575596396e-01
4.371357347134141591e-02
8.410827962392473101e-01
3.618061970372079550e-01
9.363237156123132010e-01
5.418462758611184427e-01
1.147705518775120614e-01
5.332374274207746234e-01
6.999145546539023988e-01
7.106956531400988597e-01
1.888406347637041627e-01
4.796074256821096782e-01
5.181490134030986017e-02
9.910313616233068501e-03
1.951359803057737263e-01
9.338599048063322972e-01
1.611842717448105367e-01
9.366494294892392380e-01
5.333072535691339988e-01
9.545671852978019345e-01
3.838711744440259643e-02
6.298580037086849437e-01
1.760581381578331106e-01
1.282447104591285525e-01
1.430872126710558412e-03
2.403570997229360628e-01
5.093859077851825568e-02
2.550211415677626769e-01
4.285911918596152503e-01
9.661803823550451087e-01
3.050446412522422879e-02
6.388593641079916008e-01
8.512259985575920673e-02
1.069632951776631202e-01
5.832870429090373232e-01
4.860511124784977488e-01
7.436945674701962439e-01
1.951469388581742459e-01
4.290673511753533287e-01
2.450452791969687238e-01
4.649253028974075219e-01
