8.626146808240304775e-01
8.284206609934174903e-01
6.254980032181305383e-01
8.824432273036388885e-01
6.594314288261570178e-01
7.521780947029649278e-01
7.819850790630624715e-01
7.419428972010538859e-01
7.307860867855892062e-01
8.487958159070656539e-01
8.446063791210516314e-01
8.686942643299522260e-01
7.029054203270410639e-01
8.178552878054308195e-01
7.455995550685530215e-01
6.051583154124626773e-01
8.623928343871649638e-01
7.836480001984420518e-01
7.228154706003573349e-01
7.279870846710124743e-01
6.358528639323124398e-01
7.083031720685341037e-01
8.047834803462109443e-01
6.865239630214827748e-01
6.323467897162070583e-01
7.201021043397355381e-01
8.867062073898366314e-01
7.917607189503504950e-01
8.820343789767668419e-01
7.653589834713454554e-01
6.476665160271246613e-01
6.691857200481898804e-01
7.426617426038389924e-01
8.279948797454173004e-01
6.170899455872758121e-01
6.641020793699931035e-01
6.603355428972905727e-01
7.975754491174574801e-01
6.812762449597431491e-01
6.321670311424854027e-01
8.605417753462231145e-01
7.834494349151572834e-01
7.508471695192273643e-01
6.161674157061358681e-01
6.743353218275269789e-01
7.586198447322942684e-01
7.273220923303105323e-01
6.728085626028019739e-01
7.640180782924025360e-01
8.297386991103303799e-01
7.217493973681269326e-01
8.781283217906756811e-01
8.068992917614246085e-01
8.413369412477442744e-01
6.745299988294565230e-01
6.719528809636945432e-01
6.787472655605725214e-01
6.032901669563970337e-01
7.245929714984609138e-01
6.390717613451858403e-01
7.944894106132847078e-01
7.464072055847499332e-01
8.999813450197684528e-01
7.840418091425014335e-01
8.411817033123206722e-01
6.523419354330813880e-01
6.937771725381940424e-01
7.272530659656402108e-01
6.374113173420630218e-01
6.938439300501146878e-01
8.530228005774773692e-01
6.007683293289405313e-01
6.791168770980267055e-01
8.283412343755032214e-01
6.356069244110414962e-01
6.119435443600215185e-01
6.929730444434285541e-01
6.633874220000497424e-01
6.823258201569379899e-01
7.294563342269664297e-01
7.607627055404286853e-01
7.727656830380630337e-01
6.892209268068272277e-01
6.479127106110064149e-01
7.704570166374409279e-01
7.186432848497085191e-01
8.714995781119347917e-01
7.092130230397035717e-01
7.581938852554274133e-01
7.242097530382988202e-01
6.258702418008015300e-01
8.489777522934176535e-01
8.481865611387171544e-01
8.626272290284696664e-01
7.697864705471080260e-01
7.054441416219398020e-01
6.268034623533659255e-01
6.228598855634027709e-01
7.926231778731143152e-01
8.240138643925074557e-01
6.656531513939235589e-01
6.116431566346306470e-01
8.392381452699446687e-01
7.815139024064118312e-01
6.472820126114219308e-01
6.938995393302522796e-01
8.262364598877273147e-01
8.728460554302421848e-01
8.652630833763962359e-01
8.568581414786256012e-01
7.526711880718437442e-01
6.559391358553721130e-01
6.106679285877385510e-01
8.105533654572791846e-01
6.827043555099334693e-01
7.724333032992036774e-01
8.606262391077421636e-01
8.901511609914369849e-01
7.599318005569145607e-01
8.157065713759825698e-01
8.399362494814504032e-01
6.602169640920994009e-01
8.282214418853872662e-01
6.815074619492742514e-01
6.567073086266776993e-01
8.692177236186870992e-01
6.007379334104310242e-01
6.012176963390915008e-01
6.437991845473381991e-01
7.561409037677691014e-01
7.916395282779130627e-01
8.626065561179718788e-01
6.119248069425526904e-01
6.282185831269472276e-01
6.382668058766551855e-01
7.802651068373193111e-01
6.689196632443887847e-01
8.275357293965324157e-01
7.126878019048059620e-01
8.703452057065215186e-01
6.174030830598653541e-01
8.390484498415631265e-01
8.672249159470941660e-01
6.223406447948688358e-01
6.874600062704933068e-01
8.049316072456124127e-01
8.049305961185939662e-01
7.139464999671810697e-01
7.185063795030887102e-01
8.220141015456321476e-01
7.810597724152542609e-01
7.469283450849528716e-01
6.563245999036091405e-01
8.286460215734280377e-01
8.326727834538076856e-01
6.996817746062484744e-01
7.442796699772560309e-01
7.393354347597385079e-01
6.673262944028862664e-01
8.352128482887665184e-01
7.502552649270299856e-01
8.413855275470691897e-01
7.021987938642553218e-01
7.155804229053475130e-01
7.045111570760430597e-01
6.321578196904544811e-01
7.203554844061579310e-01
8.239176136580929066e-01
6.546105166678486409e-01
7.321609865104339310e-01
7.060217353164012222e-01
6.193475876952742043e-01
8.004279605634749828e-01
6.165904027412842936e-01
6.977558047080801851e-01
6.225157358394621809e-01
8.482892487285635941e-01
8.469895609671026504e-01
6.941558915015163533e-01
7.296149384358490142e-01
7.994155630627335363e-01
6.898228411189625264e-01
7.259653124242152478e-01
8.165507369188746978e-01
7.411260646721189449e-01
8.384425324431977744e-01
8.167599389955704225e-01
8.934182540043784648e-01
8.344245220291039988e-01
7.796473853729345427e-01
8.468040799967057053e-01
8.044772357810721086e-01
6.140572279629445962e-01
7.803317573636590065e-01
8.614768292734847899e-01
6.368893124424601648e-01
6.392889435046763547e-01
7.226074424165108701e-01
6.898787828395007704e-01
6.130031564573280578e-01
7.362409385063374279e-01
7.434454582058693806e-01
8.964751193805338136e-01
6.449130075833906517e-01
7.278363361332477188e-01
8.132231046388526119e-01
8.278119733289988069e-01
6.353417135890813139e-01
8.374625223589589051e-01
8.180127846366855859e-01
8.040292970475303447e-01
6.232007791681682951e-01
6.921791123026994619e-01
6.864859449897130483e-01
6.383532548425634445e-01
6.119010996100764377e-01
8.726151372857533506e-01
8.770351815722126076e-01
8.457547463697780987e-01
7.252537161754586403e-01
7.942815780303739137e-01
6.135498857744184908e-01
7.999751852735953461e-01
6.789697575782418504e-01
8.492655178893773193e-01
8.203134293957643486e-01
7.364718463098860468e-01
8.205019450681002580e-01
7.000583578852340727e-01
8.061171810176988028e-01
6.788199658341933507e-01
7.466240156800874050e-01
7.534243491621451794e-01
8.772915574650906878e-01
6.509608240198151430e-01
6.370436104790707654e-01
7.020323129443931665e-01
8.387374182247955279e-01
7.656941482911450159e-01
8.168388989438681858e-01
8.045248090426364573e-01
6.381207079088354606e-01
7.356245077248597664e-01
8.679834253438456493e-01
8.090394973773715748e-01
6.297046566171690118e-01
6.452409723243942574e-01
7.175731757304000258e-01
6.368914364831279595e-01
7.950445034852726689e-01
7.729534691531145807e-01
7.639487093508882110e-01
6.568269055938587009e-01
6.600565266968332345e-01
7.432186461520975396e-01
7.119211535175220540e-01
8.161004365236314007e-01
6.322017933723725891e-01
6.208231750124204584e-01
8.673223123095938902e-01
7.705640251892189596e-01
8.111018662243852928e-01
8.595405122563242184e-01
7.564914266743785198e-01
8.761613366860907526e-01
6.230503637907083281e-01
7.963318221271963315e-01
7.101056467718600551e-01
6.828434530571786398e-01
8.232995116562995541e-01
6.425053198222490103e-01
8.574302513578142548e-01
8.762136099502002562e-01
8.219765926729594163e-01
7.298895070595491363e-01
6.475795469369631796e-01
8.427911902956531920e-01
7.951919981342727706e-01
7.455811285613951345e-01
6.034472381424851317e-01
7.327309671254472745e-01
7.170943694187232875e-01
8.448044809162964519e-01
7.300567525881498376e-01
7.600689351842353503e-01
7.940833089902793462e-01
7.601183330589011966e-01
6.843416570315977721e-01
6.248617638898779081e-01
6.035400937708366165e-01
6.702801727915904673e-01
6.784053632879447626e-01
8.723324509298535645e-01
7.276223351014179386e-01
7.929935783184300924e-01
6.697121639991548969e-01
8.701441083687495581e-01
6.333562314315489550e-01
7.999336013742670559e-01
8.961700799571979958e-01
6.226876081784886718e-01
8.388909066197609565e-01
8.944216763670651549e-01
8.542229906287790442e-01
8.167624402513443682e-01
7.872504364961928625e-01
7.028969933180111429e-01
7.958863202715402707e-01
7.685123033441576545e-01
7.110179436066202951e-01
7.260882481387715970e-01
7.108261415432960417e-01
8.579415194729802518e-01
6.409245186654530801e-01
7.346255288707899123e-01
8.085923219395694250e-01
6.591522924188784049e-01
6.674898466716575607e-01
7.028762343432509718e-01
6.135905195128327216e-01
8.288955854021935465e-01
8.545691017286967117e-01
6.678487853444539102e-01
8.938954697742773625e-01
7.907994613541455831e-01
8.579148850500445400e-01
8.536473810657749794e-01
7.468364785086338831e-01
8.896569488041372598e-01
7.035648108815235613e-01
7.094447874998457415e-01
6.917416720729294699e-01
7.358605329977390141e-01
6.136108969356574017e-01
7.696155750782852634e-01
6.973822695769166247e-01
7.518316373156134214e-01
6.414048258134406044e-01
7.978592455906097225e-01
7.242129656340114963e-01
6.854127355211410144e-01
8.738907482487759948e-01
6.301711030510243061e-01
7.863226878124820463e-01
7.317683537521547654e-01
6.101577407255510677e-01
6.847783451906804819e-01
6.374883033425978729e-01
8.728462781292833927e-01
8.589413877256275587e-01
6.680447867899590442e-01
8.329058289322855968e-01
6.297673111613991681e-01
6.949779934511672863e-01
8.414402881274527513e-01
8.322325425914737229e-01
7.216130690600663922e-01
8.497581541960409490e-01
6.346103106128705429e-01
8.629569473767998433e-01
8.971239308736492779e-01
7.763128213953998102e-01
6.922550412070622716e-01
8.595283894680094683e-01
6.903506857329707591e-01
6.909811456734341606e-01
6.449302249450576952e-01
7.734786282086703046e-01
6.861754546109175568e-01
8.878096187659689775e-01
6.963628798848314760e-01
6.942579280318080803e-01
7.838909211071688476e-01
6.199524511139500316e-01
8.921937566611792825e-01
8.436593404728032208e-01
8.832086769216901390e-01
8.921235975052448364e-01
6.185493717620281773e-01
7.953589855847968959e-01
6.504290360509948909e-01
8.540091788765427072e-01
8.529172731510724637e-01
7.316903365791951330e-01
8.215389048903651847e-01
8.661384610754279123e-01
7.685862706869964756e-01
8.263908105341953858e-01
6.058999422610644725e-01
6.553353657643794516e-01
7.567526664922705759e-01
7.895082968461871742e-01
6.481128267970054369e-01
8.707060895264248090e-01
7.516306555917069421e-01
7.870633212627596853e-01
6.531023134279402287e-01
6.442536588050123969e-01
8.049877291919090849e-01
7.856508240395243536e-01
8.700440614171293108e-01
6.625129405691875251e-01
7.846348962983549225e-01
8.507107518704057902e-01
6.971909378777951805e-01
7.955952523128613230e-01
6.322048150591672577e-01
8.832891419704689273e-01
6.814144278099291130e-01
6.299250228765930215e-01
6.681144300547979809e-01
