4.493304903284164880e+02
3.504383666301985158e+02
3.403552614571936488e+02
3.400401644205372804e+02
3.400303176381417529e+02
3.400300099261918945e+02
3.400300003101934863e+02
3.400300000096934809e+02
3.400300000003029481e+02
3.400300000000094656e+02
3.400300000000003138e+02
3.400300000000000296e+02
3.400300000000000296e+02
3.400300000000000296e+02
3.400300000000000296e+02
3.400300000000000296e+02
3.400300000000000296e+02
3.400300000000000296e+02
3.400300000000000296e+02
3.400300000000000296e+02
3.400300000000000296e+02
