4.493304903284164880e+02
3.440280730836399243e+02
3.401549397838637674e+02
3.400339043682456577e+02
3.400301220115076717e+02
3.400300038128597180e+02
3.400300001191518504e+02
3.400300000037235009e+02
3.400300000001163880e+02
3.400300000000036675e+02
3.400300000000000864e+02
3.400300000000000296e+02
3.400300000000000296e+02
3.400300000000000296e+02
3.400300000000000296e+02
3.400300000000000296e+02
3.400300000000000296e+02
3.400300000000000296e+02
3.400300000000000296e+02
3.400300000000000296e+02
3.400300000000000296e+02
