4.493304903284164880e+02
4.032192173486051274e+02
4.032192173486051274e+02
4.032192173486051274e+02
4.032192173486051274e+02
4.032192173486051274e+02
4.030844615805089006e+02
4.028808121680024783e+02
4.027125695406916179e+02
4.026025385297691059e+02
4.024279883300508232e+02
4.024279883300508232e+02
4.023327298549968418e+02
4.023327298549968418e+02
4.023327298549968418e+02
4.023327298549968418e+02
4.023327298549968418e+02
4.023327298549968418e+02
4.023327298549968418e+02
4.023327298549968418e+02
4.023327298549968418e+02
