4.469314094855239432e+02
3.397948457920218175e+02
3.397948457920218175e+02
3.397948457920218175e+02
3.397948457920218175e+02
3.397948457920218175e+02
3.397948457920218175e+02
3.397948457920218175e+02
3.397948457920218175e+02
3.397948457920218175e+02
3.397948457920218175e+02
3.397948457920218175e+02
3.397948457920218175e+02
3.397948457920218175e+02
3.397948457920218175e+02
3.397948457920218175e+02
3.397948457920218175e+02
3.397948457920218175e+02
3.397948457920218175e+02
3.397948457920218175e+02
3.397948457920218175e+02
