4.493304903284164880e+02
4.030173767683251072e+02
4.030173767683251072e+02
4.030173767683251072e+02
4.030173767683251072e+02
4.030173767683251072e+02
4.030173767683251072e+02
4.030173767683251072e+02
4.030173767683251072e+02
4.030173767683251072e+02
4.030173767683251072e+02
4.030173767683251072e+02
4.030173767683251072e+02
4.030173767683251072e+02
4.030173767683251072e+02
4.030173767683251072e+02
4.030173767683251072e+02
4.030173767683251072e+02
4.030173767683251072e+02
4.030173767683251072e+02
4.030173767683251072e+02
