4.795411934740892548e+02
4.837027043507719100e+02
4.767200737594287148e+02
4.761332859923979868e+02
4.737290970823992780e+02
4.715623923967752944e+02
4.665419716091882947e+02
4.652227937320877231e+02
4.648547850726080810e+02
4.689401368549856102e+02
4.707110086360833634e+02
4.651767259941246948e+02
4.666476856564767672e+02
4.581717501169180764e+02
4.510437425270175709e+02
4.465529771500293350e+02
4.478646319917912706e+02
4.453069768037891549e+02
4.397744934961402805e+02
4.325826514802835732e+02
4.239161270911536690e+02
