4.795411934740892548e+02
3.880767166092483080e+02
3.784875994194069335e+02
3.771984888052539304e+02
3.757484784344384252e+02
3.756595831411212316e+02
3.754418978309578847e+02
3.753819104472026993e+02
3.753443132196688907e+02
3.753171362103968249e+02
3.753088832206061625e+02
3.753052987351151728e+02
3.753041408411623934e+02
3.753035219238596483e+02
3.753034498648149793e+02
3.753034009565681686e+02
3.753033976314142137e+02
3.753033887391450776e+02
3.753033867608401692e+02
3.753033852284839895e+02
3.753033850554456308e+02
