4.493304903284164880e+02
3.734607976550523745e+02
3.734607944665946206e+02
3.734607944665946206e+02
3.734607944665946206e+02
3.734607944665946206e+02
3.734607944665946206e+02
3.734607944665946206e+02
3.734607944665946206e+02
3.734607944665946206e+02
3.734607944665946206e+02
3.734607944665946206e+02
3.734607944665946206e+02
3.734607944665946206e+02
3.734607944665946206e+02
3.734607944665946206e+02
3.734607944665946206e+02
3.734607944665946206e+02
3.734607944665946206e+02
3.734607944665946206e+02
3.734607944665946206e+02
