4.160746062923321347e+02
4.041584423795686121e+02
3.966479491559729809e+02
3.920596977190938901e+02
3.902641837844828387e+02
3.892113980060065614e+02
3.887537055753311392e+02
3.886275985292864448e+02
3.885012449512439616e+02
3.884269788757891320e+02
3.884035260913148022e+02
3.883693531167929791e+02
3.883414535887347938e+02
3.883380983812230625e+02
3.883340302307312299e+02
3.883295952819138961e+02
3.883274073876065700e+02
3.883268120797695246e+02
3.883262520067713695e+02
3.883260396327746093e+02
3.883259792805235975e+02
