4.493304903284164880e+02
4.151270057928830965e+02
3.998567611653708127e+02
3.998567611653708127e+02
3.998567611653708127e+02
3.998567611653708127e+02
3.998567611653708127e+02
3.998533411860040019e+02
3.998456835135993401e+02
3.998456835135993401e+02
3.998456835135993401e+02
3.998456835135993401e+02
3.998456835135993401e+02
3.998456835135993401e+02
3.998456835135993401e+02
3.998456835135993401e+02
3.998456835135993401e+02
3.998456835135993401e+02
3.998456835135993401e+02
3.998456835135993401e+02
3.998456835135993401e+02
