4.795411934740892548e+02
4.744547385694450554e+02
4.693197627916062515e+02
4.644178803018695021e+02
4.592552574575018980e+02
4.542600119074542704e+02
4.491855618886697243e+02
4.443537326084342567e+02
4.394966614825231090e+02
4.346569831513615441e+02
4.296093218340071189e+02
4.252252169777672179e+02
4.206268957571772376e+02
4.157834087304865989e+02
4.113145355801955816e+02
4.065155513014270241e+02
4.018920936920124518e+02
3.971923954426324599e+02
3.926889066336340761e+02
3.882949325190906507e+02
3.837611967923426164e+02
