4.160746062923321347e+02
4.037067324479829153e+02
4.032484892338902682e+02
4.017562173387212852e+02
4.017562173387212852e+02
4.004131726330692800e+02
3.980444473045709515e+02
3.980444473045709515e+02
3.980444473045709515e+02
3.971374865959837734e+02
3.962563149646056218e+02
3.962398298218803916e+02
3.954106858315086015e+02
3.954106858315086015e+02
3.947361585093414078e+02
3.947361585093414078e+02
3.947361585093414078e+02
3.940951196866272426e+02
3.940951196866272426e+02
3.940645518771401612e+02
3.940645518771401612e+02
