1.422999453208097975e+02
1.043669648728724297e+02
1.036234685465641263e+02
1.030286714855174779e+02
1.024846131799627216e+02
1.017394828106220217e+02
1.015121999189973252e+02
1.011803086634776605e+02
1.009984008367836026e+02
1.008184623412726921e+02
1.007360005405011236e+02
1.007157428172143625e+02
1.006903915343780369e+02
1.006746472151048692e+02
1.006667557647572551e+02
1.006603220303464497e+02
1.006550327013068937e+02
1.006523245648386364e+02
1.006513016883758667e+02
1.006509379989668815e+02
1.006504096502594763e+02
