9.566135378230723063e+01
9.566135378230723063e+01
9.566135378230723063e+01
9.566135378230723063e+01
9.566135378230723063e+01
9.566135378230723063e+01
9.566135378230723063e+01
9.566135378230723063e+01
9.566135378230723063e+01
9.566135378230723063e+01
9.566135378230723063e+01
9.566135378230723063e+01
9.566135378230723063e+01
9.566135378230723063e+01
9.566135378230723063e+01
9.566135378230723063e+01
9.566135378230723063e+01
9.566135378230723063e+01
9.566135378230723063e+01
9.566135378230723063e+01
