9.992881970151236715e+01
9.992881970151236715e+01
9.992881970151236715e+01
9.992881970151236715e+01
9.992881970151236715e+01
9.977026523299450389e+01
9.977026523299450389e+01
9.977026523299450389e+01
9.955758426701551400e+01
9.955758426701551400e+01
9.946560243401688695e+01
9.944283200022459823e+01
9.943494321250396695e+01
9.938721157669733941e+01
9.938204680820466308e+01
9.936322371599192138e+01
9.936322371599192138e+01
9.935010194455411181e+01
9.934230956404721269e+01
9.934163764512251760e+01
