1.206853122824362146e+02
1.168293103537026099e+02
1.213424665129421669e+02
1.198129751317468248e+02
1.184052533259562239e+02
1.183645483809049210e+02
1.187650271116876866e+02
1.175731020269849552e+02
1.115995962127873184e+02
1.158474795053703161e+02
1.116373468678721963e+02
1.113630860721892333e+02
1.058436572274990510e+02
1.118390008800904667e+02
1.083256650967168042e+02
1.050806513960933870e+02
1.032719128440350858e+02
1.042130862323467824e+02
9.977841132398616253e+01
9.180801505087254100e+01
8.937619062345015664e+01
