1.139795521658065240e+02
1.139795521658065240e+02
1.135735177729508365e+02
1.134004189002071001e+02
1.131044198278153203e+02
1.131044198278153203e+02
1.129782307495851228e+02
1.128646605791779507e+02
1.127624474258115015e+02
1.127624474258115015e+02
1.125501175712296629e+02
1.125501175712296629e+02
1.124788450590811948e+02
1.124152134577244055e+02
1.123579450165033222e+02
1.123063191170902257e+02
1.122935561536741602e+02
1.122259080735885419e+02
1.121583753020659486e+02
1.121065566693043962e+02
1.120617878990213967e+02
