2.085189033242903861e+03
1.473754309829734893e+03
1.463289572182179199e+03
1.462962549130693105e+03
1.462952659320668317e+03
1.462952020603770734e+03
1.462952000643867677e+03
1.462952000020120749e+03
1.462952000000628686e+03
1.462952000000039106e+03
1.462952000000001362e+03
1.462951999999999771e+03
1.462951999999999771e+03
1.462951999999999771e+03
1.462951999999999771e+03
1.462951999999999771e+03
1.462951999999999771e+03
1.462951999999999771e+03
1.462951999999999771e+03
1.462951999999999771e+03
1.462951999999999771e+03
