2.085189033242903861e+03
1.467135971070761798e+03
1.463082749095961390e+03
1.462956085909248714e+03
1.462952127684663992e+03
1.462952003990145613e+03
1.462952000124691949e+03
1.462952000003896501e+03
1.462952000000121870e+03
1.462952000000003409e+03
1.462952000000000226e+03
1.462951999999999771e+03
1.462951999999999771e+03
1.462951999999999771e+03
1.462951999999999771e+03
1.462951999999999771e+03
1.462951999999999771e+03
1.462951999999999771e+03
1.462951999999999771e+03
1.462951999999999771e+03
1.462951999999999771e+03
