1.139795521658065240e+02
1.135521688789972501e+02
1.122233429420932680e+02
1.119772563842924740e+02
1.118681696148074707e+02
1.118533981953656991e+02
1.118467107887530148e+02
1.118442989127551925e+02
1.118430645654633366e+02
1.118427745532101767e+02
1.118426181574472622e+02
1.118425704903619078e+02
1.118425406168241381e+02
1.118425328500629377e+02
1.118425307254175891e+02
1.118425298392370735e+02
1.118425293335884163e+02
1.118425291475359415e+02
1.118425290838324599e+02
1.118425290604361493e+02
1.118425290518532336e+02
