2.085189033242903861e+03
2.082074581123987628e+03
2.079298114814073415e+03
2.076486901271960960e+03
2.073646425024330256e+03
2.070741175678051150e+03
2.067769886795510047e+03
2.065094153173048198e+03
2.061989815639002245e+03
2.058810886413616117e+03
2.056136968799947226e+03
2.053473023202190689e+03
2.050499247340550937e+03
2.047733879450180893e+03
2.044977091665891066e+03
2.042185476701073185e+03
2.039123515847765930e+03
2.036257731694558288e+03
2.033527430055999048e+03
2.030496981801417633e+03
2.027549487579832885e+03
