2.085189033242903861e+03
1.484556619659470016e+03
1.484556619659470016e+03
1.484556619659470016e+03
1.484556619659470016e+03
1.484556619659470016e+03
1.484556619659470016e+03
1.484556619659470016e+03
1.484556619659470016e+03
1.484556619659470016e+03
1.484556619659470016e+03
1.484556619659470016e+03
1.484556619659470016e+03
1.484556619659470016e+03
1.484556619659470016e+03
1.484556619659470016e+03
1.484556619659470016e+03
1.484556619659470016e+03
1.484556619659470016e+03
1.484556619659470016e+03
1.484556619659470016e+03
