1.412504065339614499e+03
1.314047492522620814e+03
1.314047492522620814e+03
1.314047492522620814e+03
1.314047492522620814e+03
1.314047492522620814e+03
1.314047492522620814e+03
1.314047492522620814e+03
1.314047492522620814e+03
1.314047492522620814e+03
1.314047492522620814e+03
1.314047492522620814e+03
1.314047492522620814e+03
1.314047492522620814e+03
1.314047492522620814e+03
1.314047492522620814e+03
1.314047492522620814e+03
1.314047492522620814e+03
1.314047492522620814e+03
1.314047492522620814e+03
1.314047492522620814e+03
