1.412504065339614499e+03
1.412593087821043810e+03
1.416691871735038603e+03
1.416624854661409245e+03
1.410863728295026704e+03
1.419283322535120533e+03
1.408839181687397286e+03
1.412681415991963149e+03
1.416628119867088571e+03
1.431485333351999316e+03
1.412983083501480451e+03
1.397234929610160862e+03
1.407435167041333898e+03
1.425044324911797958e+03
1.429972888739547670e+03
1.424775817535126635e+03
1.421495703910619113e+03
1.408864177938087778e+03
1.388294473435279087e+03
1.367967441994819637e+03
1.351256109112465538e+03
