1.412504065339614499e+03
1.314352346341070188e+03
1.314352346341070188e+03
1.314352346341070188e+03
1.314352346341070188e+03
1.314352346341070188e+03
1.314352346341070188e+03
1.314352346341070188e+03
1.314352346341070188e+03
1.314352346341070188e+03
1.314352346341070188e+03
1.314352346341070188e+03
1.314352346341070188e+03
1.314352346341070188e+03
1.314352346341070188e+03
1.314352346341070188e+03
1.314352346341070188e+03
1.314351884539701587e+03
1.314351884539701587e+03
1.314351884539701587e+03
1.314351884539701587e+03
