1.412504065339614499e+03
1.210006557301628618e+03
1.210003906424040906e+03
1.210003906163602551e+03
1.210003906163602323e+03
1.210003906163602323e+03
1.210003906163602323e+03
1.210003906163602323e+03
1.210003906163602323e+03
1.210003906163602323e+03
1.210003906163602323e+03
1.210003906163602323e+03
1.210003906163602323e+03
1.210003906163602323e+03
1.210003906163602323e+03
1.210003906163602323e+03
1.210003906163602323e+03
1.210003906163602323e+03
1.210003906163602323e+03
1.210003906163602323e+03
1.210003906163602323e+03
