1.412504065339614499e+03
1.313844822601339274e+03
1.313844822601339274e+03
1.313844822601339274e+03
1.313844822601339274e+03
1.313844822601339274e+03
1.313844822601339274e+03
1.313844822601339274e+03
1.313844822601339274e+03
1.313844822601339274e+03
1.313844822601339274e+03
1.313844822601339274e+03
1.313844822601339274e+03
1.313844822601339274e+03
1.313844822601339274e+03
1.313844822601339274e+03
1.313844822601339274e+03
1.313844822601339274e+03
1.313844822601339274e+03
1.313844822601339274e+03
1.313844822601339274e+03
