1.412504065339614499e+03
1.398625087572682332e+03
1.384839824590309718e+03
1.370718136515379683e+03
1.356800231447056603e+03
1.342640502533784456e+03
1.329187264425452668e+03
1.315098541932133003e+03
1.301624270808303208e+03
1.287548260226024922e+03
1.273600633752601880e+03
1.260056460392441068e+03
1.246860465943156214e+03
1.233508131589846926e+03
1.219743630627174753e+03
1.206480288429985421e+03
1.193064957139671378e+03
1.179675905392992490e+03
1.166214115250180839e+03
1.153156631555178365e+03
1.140581805711628022e+03
