1.412504065339614499e+03
1.314151581382281165e+03
1.314151581382281165e+03
1.314151581382281165e+03
1.314151581382281165e+03
1.314151581382281165e+03
1.314151581382281165e+03
1.314151581382281165e+03
1.314151581382281165e+03
1.314151581382281165e+03
1.314151581382281165e+03
1.314151581382281165e+03
1.314151581382281165e+03
1.314151581382281165e+03
1.314151581382281165e+03
1.314151581382281165e+03
1.314151581382281165e+03
1.314151581382281165e+03
1.314151581382281165e+03
1.314151581382281165e+03
1.314151581382281165e+03
