1.412504065339614499e+03
1.119854660257352634e+03
1.087509628231109673e+03
1.086357175882222236e+03
1.086321161746319376e+03
1.086320036304572568e+03
1.086320001134517952e+03
1.086320000035453631e+03
1.086320000001107928e+03
1.086320000000034725e+03
1.086320000000001073e+03
1.086320000000000164e+03
1.086320000000000164e+03
1.086320000000000164e+03
1.086320000000000164e+03
1.086320000000000164e+03
1.086320000000000164e+03
1.086320000000000164e+03
1.086320000000000164e+03
1.086320000000000164e+03
1.086320000000000164e+03
