1.412504065339614499e+03
1.101588531226957684e+03
1.086797141600842224e+03
1.086334910675026549e+03
1.086320465958594468e+03
1.086320014561205880e+03
1.086320000455037643e+03
1.086320000014220113e+03
1.086320000000444452e+03
1.086320000000013806e+03
1.086320000000000164e+03
1.086319999999999936e+03
1.086319999999999936e+03
1.086319999999999936e+03
1.086319999999999936e+03
1.086319999999999936e+03
1.086319999999999936e+03
1.086319999999999936e+03
1.086319999999999936e+03
1.086319999999999936e+03
1.086319999999999936e+03
