1.412504065339614499e+03
1.314205618449260783e+03
1.314205618449260783e+03
1.314205618449260783e+03
1.314205618449260783e+03
1.314205618449260783e+03
1.314205618449260783e+03
1.314205618449260783e+03
1.314205618449260783e+03
1.314205618449260783e+03
1.314205618449260783e+03
1.314205618449260783e+03
1.314205618449260783e+03
1.314205618449260783e+03
1.314205618449260783e+03
1.314205618449260783e+03
1.314205618449260783e+03
1.314205618449260783e+03
1.314205618449260783e+03
1.314205618449260783e+03
1.314205618449260783e+03
