1.412504065339614499e+03
1.313733132581526661e+03
1.313733132581526661e+03
1.313733132581526661e+03
1.313733132581526661e+03
1.313733132581526661e+03
1.313733132581526661e+03
1.313733132581526661e+03
1.313733132581526661e+03
1.313733132581526661e+03
1.313733132581526661e+03
1.313733132581526661e+03
1.313733132581526661e+03
1.313733132581526661e+03
1.313733132581526661e+03
1.313733132581526661e+03
1.313733132581526661e+03
1.313733132581526661e+03
1.313733132581526661e+03
1.313733132581526661e+03
1.313733132581526661e+03
