4.942090683955755708e+02
4.001788529142503990e+02
3.949584016535702631e+02
3.947952625516740568e+02
3.947901644547398519e+02
3.947900051392105070e+02
3.947900001606002434e+02
3.947900000050187259e+02
3.947900000001567946e+02
3.947900000000048522e+02
3.947900000000001342e+02
3.947899999999999068e+02
3.947899999999999068e+02
3.947899999999999068e+02
3.947899999999999068e+02
3.947899999999999068e+02
3.947899999999999068e+02
3.947899999999999068e+02
3.947899999999999068e+02
3.947899999999999068e+02
3.947899999999999068e+02
