4.942090683955755708e+02
4.101368982752144348e+02
3.952695905711005935e+02
3.948049872053468334e+02
3.947904683501670320e+02
3.947900146359427254e+02
3.947900004573731962e+02
3.947900000142928434e+02
3.947900000004466392e+02
3.947900000000140039e+02
3.947900000000004184e+02
3.947899999999999068e+02
3.947899999999999068e+02
3.947899999999999068e+02
3.947899999999999068e+02
3.947899999999999068e+02
3.947899999999999068e+02
3.947899999999999068e+02
3.947899999999999068e+02
3.947899999999999068e+02
3.947899999999999068e+02
