4.942090683955755708e+02
4.550573227375743386e+02
4.550573172746864543e+02
4.550573172746863975e+02
4.550573172746863975e+02
4.550573172746863975e+02
4.550573172746863975e+02
4.550573172746863975e+02
4.550573172746863975e+02
4.550573172746863975e+02
4.550573172746863975e+02
4.550573172746863975e+02
4.550573172746863975e+02
4.550573172746863975e+02
4.550573172746863975e+02
4.550573172746863975e+02
4.550573172746863975e+02
4.550573172746863975e+02
4.550573172746863975e+02
4.550573172746863975e+02
4.550573172746863975e+02
