5.826671281309055530e+02
4.714887326270882113e+02
4.658897299797552591e+02
4.622076644862522130e+02
4.606123777278118610e+02
4.600729192572254078e+02
4.598225219023221371e+02
4.597302098246016158e+02
4.596595676941771558e+02
4.596379079693305698e+02
4.596334014355073805e+02
4.596291785197649347e+02
4.596276078173417545e+02
4.596266339522240969e+02
4.596264032912682751e+02
4.596263254591235068e+02
4.596262534596035039e+02
4.596262346363992606e+02
4.596262222997532376e+02
4.596262211755495741e+02
4.596262199331883380e+02
