5.754809500644678337e+02
4.661491529942858278e+02
4.544179484856189788e+02
4.520868982005462726e+02
4.506973559610911479e+02
4.498915021600224122e+02
4.494230006983528369e+02
4.492771538838625247e+02
4.491754441822804438e+02
4.491658101566605410e+02
4.491602426686282570e+02
4.491528087121174622e+02
4.491516595889551127e+02
4.491503124196285626e+02
4.491498530556318087e+02
4.491495959375415623e+02
4.491495661718873293e+02
4.491495427355878860e+02
4.491495274135174327e+02
4.491495250894311084e+02
4.491495213805871458e+02
