4.942090683955755708e+02
4.911641301099234056e+02
4.880117722437777275e+02
4.848277575748345498e+02
4.818392584117938213e+02
4.788173518254330361e+02
4.759058683572455379e+02
4.728809730608407449e+02
4.698942173624335510e+02
4.668448909142160801e+02
4.637766453505302593e+02
4.607554039576994001e+02
4.578691935122678842e+02
4.551246252254701972e+02
4.520842144583633626e+02
4.491896315695735780e+02
4.462596364274435246e+02
4.433188152076149322e+02
4.405520387742915887e+02
4.376046029279874574e+02
4.348435210243465008e+02
