5.754809500644678337e+02
4.801948306359222443e+02
4.712341055142781556e+02
4.671159190692102925e+02
4.635226391113608315e+02
4.635226391113608315e+02
4.594959862575128682e+02
4.574266928620031081e+02
4.560395144109392049e+02
4.543499376998253751e+02
4.537189468225623159e+02
4.533098540158529204e+02
4.519439852968807259e+02
4.517629878011254618e+02
4.512233762751765767e+02
4.506881048597999779e+02
4.503944331910508936e+02
4.498635197081861179e+02
4.498635197081861179e+02
4.498093994772766564e+02
4.496702897530051359e+02
