5.754809500644678337e+02
4.715218237628312750e+02
4.692845933145445088e+02
4.692845933145445088e+02
4.692845933145445088e+02
4.692845933145445088e+02
4.692845933145445088e+02
4.692845933145445088e+02
4.692845933145445088e+02
4.692845933145445088e+02
4.692845933145445088e+02
4.654589292479741403e+02
4.654589292479741403e+02
4.654589292479741403e+02
4.654393872806501236e+02
4.638104004805815634e+02
4.638104004805815634e+02
4.623443123605197229e+02
4.618985584450078363e+02
4.610248330524642029e+02
4.603715403993116979e+02
