5.380207129277634976e+02
4.706314588686154821e+02
4.706314588686154821e+02
4.703865961798421722e+02
4.685472651591813928e+02
4.680960185271197247e+02
4.678112420841204084e+02
4.676284914883156034e+02
4.674979257704932252e+02
4.673560907927192716e+02
4.673126920137843285e+02
4.672742933974611219e+02
4.672644781654798294e+02
4.672567818175592151e+02
4.672496118336048312e+02
4.672447876852900777e+02
4.672428298119816645e+02
4.672419130037037576e+02
4.672413909000870262e+02
4.672408882725624153e+02
4.672407052863428589e+02
