5.380207129277634976e+02
5.303697887367579824e+02
5.253130924921362066e+02
5.162367519502970481e+02
5.138520652070515098e+02
5.141231412567623238e+02
5.127915670562395007e+02
5.077966137020573001e+02
4.992359032408612052e+02
4.971124651177744909e+02
4.935602627920922032e+02
4.971250216407563016e+02
5.046150764970749378e+02
4.945959874212047112e+02
4.881190521266750579e+02
4.780905654046896984e+02
4.716919999199456583e+02
4.778145236971389522e+02
4.879620905963992072e+02
4.766733100286123772e+02
4.747993259828007240e+02
