4.942090683955755708e+02
4.720573304768026333e+02
4.720573304768026333e+02
4.720573304768026333e+02
4.720573304768026333e+02
4.707874147942604282e+02
4.707874147942604282e+02
4.707874147942604282e+02
4.707874147942604282e+02
4.707874147942604282e+02
4.707874147942604282e+02
4.707874147942604282e+02
4.707874147942604282e+02
4.707874147942604282e+02
4.707874147942604282e+02
4.707874147942604282e+02
4.707874147942604282e+02
4.707874147942604282e+02
4.707874147942604282e+02
4.707874147942604282e+02
4.707874147942604282e+02
