4.378138371676628671e-01
6.139511466804553619e-01
7.992267236815582265e-01
3.905486235953966601e-01
8.181068499862964583e-01
4.860275549382139237e-01
2.301316752618430828e-01
9.561861928643580200e-01
4.774615341981428562e-01
4.457156908667952999e-01
8.918473221865323985e-01
6.575737312063600903e-01
1.846568748247481295e-01
7.251453844332400589e-02
2.273666514705904307e-01
6.755973853334088508e-01
2.947733279608920620e-01
3.800468544062725051e-01
2.543241652642747042e-01
7.034767844058933406e-01
6.454978343913431171e-02
1.010703306806646218e-01
6.312612112515071372e-01
9.797229213732561171e-01
7.720985025024041937e-01
3.954862565365467875e-01
5.907571444367401003e-01
7.899488239084951902e-01
2.225991930999613455e-01
3.737406688184653492e-01
2.814930174866108192e-01
9.718008691511968999e-01
1.955182239331046956e-01
5.049829749350402963e-01
6.327603172714361124e-01
9.892306605973488765e-01
5.268809300572007137e-01
9.644297021136460923e-01
9.232748076337373710e-01
7.891246878223512340e-02
6.805442801993611956e-01
2.443975738910508788e-02
4.876146809503225654e-01
2.842981646280036134e-01
9.455782755295237818e-01
5.891332370643367344e-01
8.785822184496587806e-01
8.441313391149022349e-01
6.645838175706608730e-01
3.322250449654454707e-01
3.850087633357553996e-01
1.044660332445002116e-02
2.414271623368753339e-01
5.216115825808598228e-02
9.134227207341634180e-01
6.007630870291837955e-01
8.414609353030843009e-01
7.238948552190118679e-01
7.501366495536382351e-01
1.791677623670961950e-01
2.573918334751512660e-02
2.728367040497723384e-01
8.181629249753905597e-01
3.604355574723649980e-01
6.726163534372305852e-01
9.524485870840228019e-01
3.139068219461791376e-01
1.038599591947357847e-01
8.885227315813130078e-01
3.718342216074524975e-01
4.371710855457733302e-03
5.625026596960847058e-02
1.120131648877434882e-01
7.692371516468496928e-01
1.877384674702923251e-01
9.383258651699415420e-01
2.043038374523072909e-01
5.368737098486503490e-01
9.511207651324680157e-01
5.879438956258500326e-01
3.238896754919980969e-01
1.991866766492231822e-01
8.492359777048317238e-01
2.546247581585223685e-01
7.587433168587216503e-01
5.125286109620685870e-01
2.832677861237185013e-01
2.387066664111908709e-01
1.535526009990296759e-01
2.449348127340852388e-01
2.153100254214598275e-01
6.664278874740622305e-01
2.018889509151278183e-01
2.478908203712055780e-01
2.928075100526764674e-01
4.012771081146060403e-02
1.023576476274526970e-01
5.208668113159443669e-01
6.535392920056685151e-01
4.527448847581749813e-01
1.383958171788761682e-01
5.673977572755328769e-02
7.886421389268992721e-01
9.852721084356290682e-01
9.469532473614263868e-01
3.136813946101388861e-01
1.889209393850936891e-01
9.871587692444839801e-01
3.033169948346763345e-01
6.968194545495586256e-01
1.957226878866671349e-01
2.576449967677940656e-01
6.262823624172145776e-01
1.783293131661314312e-01
2.847336013544035094e-01
8.693055962524065539e-01
5.070236637619274234e-01
6.064950496381376066e-01
3.235064833528340511e-01
6.807814750075369403e-01
3.140830980700894948e-01
1.120152955258028049e-01
1.976314227713237281e-01
2.190567556051848941e-01
1.696416632749829789e-01
6.403829225267563263e-01
8.000154758902935370e-01
7.679753924143271071e-01
9.785634880504684441e-01
3.570001655149460662e-01
2.962682016759932146e-01
4.541874654913740095e-01
7.727285750439425449e-01
4.430264196903547225e-01
9.898621975678021379e-01
5.356850042136336310e-01
4.527108397560456465e-01
3.929795974135412706e-01
7.392823322404807884e-01
8.659773266765002919e-01
8.723681545801016401e-01
3.515038809765277383e-01
4.927260538813016399e-02
4.654187926642332496e-01
3.902070939162679553e-01
4.038617859860240689e-01
7.434923037992454686e-01
1.619838745194869256e-01
4.091650673181628228e-01
4.868778048859582208e-01
8.243443634107134876e-01
4.945982319126561721e-01
9.402472998732429588e-01
3.845774025334227630e-01
3.004059941503111064e-01
1.398132109987048066e-01
4.875104713068456608e-02
2.833958753748843096e-01
7.108152725948572170e-01
5.838883946787138957e-01
1.265940274460697346e-03
1.814605606642333280e-01
9.554852992898490438e-01
3.009697513288462911e-01
2.644062942247099590e-01
2.666130781205877653e-02
2.087932906307415903e-01
7.276908018088195096e-01
7.086792819584740721e-01
1.337309772788647377e-01
3.347000189806021986e-01
9.582412323218164607e-01
8.715959528772626586e-01
6.298337383826014824e-01
1.652062548950719023e-01
4.701839505986786794e-01
2.513244424110065989e-01
1.529652916307795429e-01
8.083038734301311035e-01
2.544167200663649542e-02
3.869774272712904750e-01
5.620343314146939440e-01
2.986646593485855483e-01
7.297247733610146003e-02
3.417635888528447463e-02
6.282602232859935132e-01
4.631892208254018151e-01
4.309610900014396728e-01
7.478595853657014070e-01
4.017296433067436556e-01
1.440057756633084107e-02
1.215548292004364761e-02
1.987733450323246887e-01
2.332815846644216151e-01
9.670021760048908011e-02
3.442040077595853731e-03
6.879981769692378180e-01
4.097564676219844770e-01
1.694248547895014223e-01
5.419794575406859938e-01
6.840910687929834255e-01
9.632851543304565833e-02
4.567786228573844642e-02
8.980112837622075128e-01
5.391620208935684611e-01
6.881870712400340873e-01
1.271093659657585029e-02
1.757574158185097879e-01
4.519472255908117964e-01
5.715979180719870101e-01
6.922856107881282250e-01
1.423515121446888854e-01
6.350471962914416846e-01
5.461268632203267748e-01
9.603532793271537527e-01
1.655853246789712463e-01
6.622571171318817340e-01
6.628984866952725152e-01
1.705064425248759008e-03
3.554778564749293546e-01
4.699529044103992748e-01
3.328585346254774313e-01
4.881473578863780860e-01
6.224509206421515728e-01
5.108075755503390658e-01
2.569795082227911420e-01
8.937180987300904489e-01
5.805897767547442134e-01
4.118255344895748182e-01
8.270022270175219070e-01
1.370919187726378219e-01
2.493261898631180529e-01
2.493729044930603767e-02
2.423475220446356104e-01
2.423606470546569858e-01
9.960546033138666377e-01
2.869693990532032890e-01
8.678351050874356654e-01
9.105195433378605596e-01
2.161814244478218461e-01
3.968222810562554992e-01
1.041500497149385751e-01
7.306699545075499014e-01
2.032088313208557651e-01
8.053330311337795200e-01
2.129401771177716896e-01
4.746185176748022316e-01
3.014533523498095224e-01
8.324378706144774931e-01
9.495914822366779973e-01
5.479636582952446267e-01
3.233807638695809228e-01
8.679961621307837882e-01
7.732851294944176335e-01
9.408576430816046887e-01
9.726773202132924512e-01
8.699618171152765367e-01
1.922426867817320639e-01
3.691156982810015474e-01
4.339942337349725898e-01
2.643706374549164018e-01
9.585881851981884472e-01
7.220667229400897780e-01
5.047579850967629511e-01
4.237467048492501442e-01
8.888310614158855261e-01
4.162642279908441711e-01
1.247927258778133153e-01
3.446446456557606952e-01
5.035179239361188275e-01
7.207534524594565450e-01
1.380193858876737067e-01
4.886074621604334922e-01
2.325385743025005780e-01
8.647806042365100421e-01
4.636377859071473262e-01
4.696467060597533383e-01
3.052115591035370334e-01
8.421046554989271016e-01
5.374777719225550809e-01
5.891036100504668527e-01
4.718798160083684801e-01
8.258338275019185826e-01
6.238577809915835104e-01
4.437115138708203066e-02
5.553336355217666220e-01
2.540034865347441384e-01
2.774347335976824480e-01
2.432280626365299625e-01
7.628912672276816354e-01
7.684700141627336389e-01
6.729144029290556883e-02
8.943568447497303175e-01
6.731285422160004916e-01
9.133857143348800278e-01
3.965517183569915449e-01
5.072343465963941034e-01
8.029784011308190861e-01
3.942671180450805224e-01
4.783511036478095280e-01
5.698379175052323831e-01
3.524608098525675581e-01
1.019731939260024589e-01
5.999017235413665050e-01
4.687710967761995473e-01
1.510417391837326484e-03
2.596333830229502482e-01
3.929510011595598318e-01
9.309060307272110091e-01
2.327994561204406176e-01
8.864544771148509250e-01
7.034074681990154509e-01
2.523039979454250181e-01
2.237455233984833036e-01
2.547601803438938051e-01
8.897106220772863505e-01
3.566769740317787818e-01
1.641640508565430645e-01
9.470927361897909513e-01
7.639903697503248603e-01
5.026193284519755444e-01
1.007576875282709672e-01
1.863615243095754215e-01
5.073243735986390224e-01
1.013811069586612046e-01
3.709305818875570093e-01
6.088046307642398514e-01
7.166887928233173222e-01
7.580928118036952545e-01
5.780934297905955255e-01
5.034414260108011074e-01
3.091148721389447296e-01
9.466295157073326694e-01
9.563976169351317003e-01
7.553918564638048005e-01
7.326747915358020613e-01
2.762847930414463749e-01
9.811741367866910757e-02
3.924352621165275723e-01
9.328532670925090420e-01
3.432601921633631203e-01
1.612598521034929178e-01
6.840633696746049042e-01
9.311008837221818046e-01
7.833861251509028900e-01
9.997297046814055399e-01
5.320999315439889354e-02
1.181787141171366518e-01
1.512439039654430717e-01
3.214917038730480403e-01
8.697300217584461590e-01
2.266601862200374740e-01
1.492323578776795223e-01
5.178493384385581821e-01
6.856191285333750329e-01
7.139985534185390170e-01
1.470014062926001674e-01
7.892873065653993603e-01
7.711326934200768424e-02
4.670414119752446247e-01
6.273074348735446781e-01
5.567208140501078706e-01
7.663643208628810877e-01
8.254166307179303663e-01
9.822632341746394546e-01
8.529431404385068305e-02
9.552283483274300879e-01
7.943427611494431329e-01
1.665765628994475556e-01
1.363597625875531127e-01
1.915382666740864659e-01
1.507854407186827173e-01
6.366720567979401446e-01
9.218806564968431427e-01
4.840082430672559832e-01
8.964038658776974922e-01
9.566114824605732592e-01
1.600628212585746279e-01
4.301878929808105045e-01
9.227836510542322124e-01
7.712009337682532717e-01
7.802059666156144768e-01
3.299423800714433863e-01
2.201806357080847709e-01
2.670199997636121259e-01
3.461110326903173995e-01
4.880084675085294421e-01
1.068311622520345949e-02
7.139140170958467868e-01
3.854406203799456421e-01
9.850013826551382579e-01
7.598377129421011178e-01
4.756689511659306646e-03
8.193317297643805119e-01
7.555867990145632707e-01
8.356924672832042322e-01
6.915968344774242604e-01
6.043232472187346493e-01
5.281134057666185821e-01
8.072222476205204167e-01
4.645565998503514704e-01
1.430129090923489832e-01
1.270295668471613793e-01
4.184704978564235400e-01
5.270647036595500490e-01
8.553812672281660978e-01
8.083249388805335833e-02
5.399215797068035450e-01
6.551362663116839791e-01
2.003687573228711827e-01
4.036285238397862019e-01
6.716034565178715665e-01
1.197464687811721218e-01
4.485504705371140544e-01
7.385045123722728810e-01
1.654666888622935428e-01
6.970701112181765247e-02
8.659830886736384903e-01
3.222532250449501312e-01
8.160783921664391816e-01
8.405336443275873703e-01
4.045099956067144120e-02
3.052088916544625219e-01
4.660714950834630166e-01
2.518839223702188379e-01
4.305513947174732792e-01
5.875724908156713111e-01
5.733123419249399610e-01
5.481872804015597289e-01
1.237659573317169137e-01
8.113082041173468317e-01
9.020655972567678260e-01
1.205804233609385490e-01
4.353028570326538116e-01
6.963784501829916040e-01
9.720462570304229111e-01
3.781810975885832038e-01
1.825768434421899400e-01
7.291494220740636356e-01
7.085703299795151899e-01
8.866621676815172881e-01
2.665876548325152307e-02
4.809200172770355941e-02
8.044763014669126244e-01
7.040393042897735709e-01
4.576437099230221683e-01
5.462725358476994142e-02
9.658123726251670593e-01
6.844520599095338387e-02
6.251641157329608234e-01
8.035005887229262900e-01
7.541189866994246760e-02
3.784870376434050776e-01
3.361327640626159408e-01
7.528992766150987004e-01
1.216803509980241005e-01
3.012957674659029195e-01
7.387263450017863553e-01
8.839904616011707850e-01
4.850251167643104822e-02
5.419861878484976137e-01
1.519230792116954554e-01
9.102148780752379320e-01
7.440546552083339149e-01
6.176782567540103352e-01
8.907057244752919489e-01
9.260224925806872509e-01
2.810455758506423818e-01
7.888883070067898018e-02
3.252233116356916254e-01
5.462447251234939793e-01
5.456618771349575070e-02
5.476869636768515459e-01
6.799609125723070635e-01
3.708946073144349098e-01
3.998081218925565450e-01
4.865003547494773928e-01
4.386946782118087418e-01
2.298971738502495477e-01
1.867862767668183599e-01
1.581807893660781561e-01
2.854584428682476194e-01
1.353190486561669514e-01
8.952362657052514994e-02
7.114442844858374082e-01
6.601049437893853344e-01
3.477737666659360682e-01
7.762687089476068003e-01
4.990979523803144025e-01
2.060261503872276023e-01
8.330019770463659157e-01
4.285480574194620029e-01
5.559757703731753598e-01
3.145971916862970730e-01
9.793342600421666155e-01
5.976297539253883073e-01
4.969080084348095339e-01
3.820586296762503720e-01
1.112701726606024621e-01
2.237351298505424468e-01
8.341558268851165803e-01
5.062516521253113133e-03
2.673472624736554781e-01
9.046997250643531441e-01
2.252513552701675970e-01
2.048000229703115238e-01
1.856459192524825275e-01
1.944374505269768072e-01
1.642710601614720822e-01
5.732606306789199690e-01
7.098106072249352749e-01
2.992413795674599974e-01
3.703253219602498092e-01
2.248371745191969362e-01
4.448479391771451574e-01
5.676691491287311209e-01
9.691305634669429292e-01
1.409435144228434744e-01
3.609804484906521393e-01
5.621538990569453498e-01
6.786695499211947702e-01
9.109472736798818193e-02
3.590349006030201240e-01
8.152606304086381650e-01
6.871020684008819490e-01
6.362500419023958687e-01
7.198115469087585927e-01
6.130187049290728440e-01
1.910131360551303725e-02
2.534484021755761818e-01
8.037983306875740031e-01
8.129220401650707473e-01
5.931162345097704680e-01
1.107650241659197121e-01
8.920860182433348884e-01
5.709564912160335348e-01
6.426613907170933837e-01
3.560028526793385106e-01
9.211984857718175101e-01
4.639134472349997207e-01
1.056121853496733154e-01
5.285964995955354517e-01
4.877077366406568082e-02
3.573921736011043127e-02
6.335877386578339099e-01
2.692901249119490359e-01
6.026010047039910278e-01
2.349623565741921771e-01
1.559237478063434379e-01
7.837395287832540358e-01
5.066415749547454883e-01
2.609364480730929081e-01
5.583040106026095906e-01
4.965012693859015558e-01
1.236219568456748963e-01
7.938790005860741905e-01
9.489226787660887119e-01
3.186623665710637265e-01
6.824279298061384225e-01
4.686868155720991247e-02
9.891201301730879747e-01
2.901488202357191959e-01
9.292729510921885483e-01
1.588541184661964589e-01
4.475143593317409962e-01
5.604224113103786209e-01
9.253481356729430507e-01
1.152072406615805011e-01
4.771480372677897597e-01
4.709314729346369965e-01
2.975639952622863849e-01
5.501395101843530311e-01
4.831951733948908201e-01
4.923123077142932402e-02
1.588517168397496349e-01
4.394201869845846264e-01
1.384410417939873073e-01
6.349422481863495893e-01
2.482843208387003342e-01
5.137210359990863617e-01
7.272635196586458850e-01
5.305851671479895337e-01
9.679291721583680452e-01
7.737220756596637772e-01
2.991823535497226683e-01
9.993823442167242277e-01
3.351044697413564366e-01
3.475406739853481586e-02
7.790978669124012379e-01
3.601444240811683128e-01
4.479533800234202223e-01
6.726792032767949792e-01
1.737582687066121512e-01
9.318476486790363555e-01
9.006140508427307179e-02
3.201742471324819928e-02
5.593066504292854013e-02
8.607640461103256424e-01
5.596080672009785539e-01
6.065150413317615952e-01
9.921447148649732428e-01
7.424808199224426364e-01
5.695605327023969267e-01
4.779484969271872163e-01
4.848293499225220238e-01
8.048591003193861226e-01
7.307684321565917074e-01
3.981499268070683994e-01
7.000988891762655042e-01
6.308817231244168156e-02
3.932790444592342283e-01
6.549794421089152330e-01
2.686153087299393283e-01
6.424427144687727687e-02
4.106028705057842565e-01
2.161066950386824059e-01
6.069319191301936200e-03
8.521532053044026389e-01
5.279368440341382085e-01
6.675097464181504181e-01
3.406578421322775663e-01
1.972499944003841543e-01
7.543713247359218332e-01
9.568076235721379996e-01
9.281921613017791728e-01
3.507096395784006226e-01
4.910517773826670318e-01
7.283257043900462913e-01
8.213322411008014967e-01
8.658529550957478893e-01
4.600486853257899078e-01
6.607293673733182215e-01
9.283422555608167315e-01
3.045115378844986953e-02
3.412300932637779560e-01
8.413525306238793799e-01
4.242213293173252575e-01
2.240528201704755640e-01
6.143053385172181358e-02
5.176082591837416480e-02
6.595669333480695951e-01
4.970825886075989075e-01
2.878241264245028352e-01
7.742690233546050127e-01
6.121509716461268624e-01
9.405480026978072505e-01
7.926457726425856221e-01
9.683709049848199246e-01
6.868761386276600600e-02
2.728471052061172131e-01
2.907320690503611971e-01
2.245350162175014930e-01
1.576012895154090820e-01
5.016687508155268649e-01
5.818316118709659923e-01
2.924644217603733498e-02
3.437969377615678335e-01
7.452851511787228489e-01
3.294372207303098987e-01
2.308577808810563514e-02
5.760250056280814546e-01
3.128903244560847785e-01
9.895069909988651879e-02
9.532435169014986664e-01
8.718884645271448575e-01
1.121695813386467400e-01
3.036591822898424553e-01
8.999454711546625019e-01
9.021263006508564164e-01
4.770044642166146875e-01
3.073914647771648356e-01
4.276510771079663487e-01
6.928936115437137611e-01
6.965566433609547969e-01
1.573707033018207913e-01
5.808236683521870169e-01
5.909311728677582032e-01
8.386262489769075179e-01
2.255256933045711731e-01
1.570737741450350944e-01
7.181345190297966363e-01
5.363116487918394570e-01
4.148986194760346802e-01
3.067100858588230894e-01
8.243693458910450467e-01
3.495156221752694359e-01
1.531238375498402693e-01
7.447354729031744336e-01
2.718668265330220768e-01
3.943168973921389320e-01
6.323538038010301232e-01
1.429754778819392058e-02
6.973789737695013091e-01
9.333141368329216370e-01
8.618696994466725769e-01
4.693068177549297726e-02
4.024563680728464599e-01
6.198481185557652706e-01
5.436819250681512727e-01
7.532456709066950307e-01
8.646344370191805240e-02
6.345328692785904279e-01
9.471699446561734348e-01
7.693112127276746648e-02
3.860538275862303026e-01
1.423068962537095139e-01
9.231418554879379235e-01
2.439360654844023868e-01
2.822198815353736956e-01
9.232176500399976726e-01
4.204745310776987210e-01
3.575249449933733947e-01
9.278322738424660265e-01
4.233256885311549311e-01
3.813666629484893100e-01
7.991102319546018462e-01
1.408208345534539552e-01
9.860234431416988743e-01
5.664607685562353945e-01
8.498864506497626481e-01
4.400638908134468785e-01
4.996010083084264641e-01
8.855253588318807711e-01
3.309689599986163078e-01
2.564978816789452720e-01
1.698901707224305113e-01
7.026555628682105148e-01
9.132936384229360938e-01
9.354471662244648877e-01
3.557627949918817922e-02
9.758145910534921086e-02
1.497346719323520148e-01
4.795286369585541886e-01
1.324579902340760063e-01
7.377251831822642103e-01
7.023898676428419474e-01
5.948114728101667747e-01
5.485570870950828848e-02
1.296179517311814022e-01
8.576600510137996070e-01
9.767208004136285204e-01
1.723292320135101363e-01
1.009526700090266349e-01
8.791285149185357195e-02
4.539813041037583652e-01
6.860192613350322155e-01
7.914561599730390862e-01
3.574656987572387701e-01
5.029301215050080431e-01
9.565223007246691500e-01
3.221454607267010273e-01
1.094154871739050350e-02
4.915881126042354055e-01
2.281489096335965749e-01
1.147387776832685669e-01
6.855057592126853061e-01
6.985718101118972845e-01
9.701816400560346887e-01
1.588269805811274304e-01
5.909084640526370835e-01
1.462988364086176274e-01
9.463394114990373307e-01
9.983495531306481041e-01
8.470766565545526650e-01
2.092817655959944290e-02
9.774359388875357713e-01
1.482413474708882406e-01
9.400699069175746381e-01
2.948556608890782194e-01
3.222593233557038417e-01
4.899942436848675476e-01
7.653208513911008426e-01
5.040174155354457675e-01
5.775731430686589229e-01
2.174310720041012779e-01
5.338918206052812865e-01
5.284668258706501920e-01
2.314596385259705125e-01
1.911890366682397202e-01
6.631222386386137480e-02
1.805611893480143504e-01
5.241045532786003935e-01
9.040112353327152128e-01
8.742695906294112307e-01
8.985469863593493756e-01
4.336296002931562255e-01
4.066838450681675710e-03
4.577294061163079686e-01
3.930655067404924541e-01
1.244840405950136120e-01
9.163660028583970885e-01
4.629290725045108745e-01
5.149392367887268840e-01
2.338189262096346255e-02
3.891099447865684624e-01
1.512018090903913814e-01
4.050938279652649410e-02
8.479906727095000152e-01
8.288768773441896887e-01
6.944342614229953581e-01
5.657826946668517154e-01
2.985818251471923368e-01
7.353811933042693205e-01
2.583954025784847008e-01
9.414073123977990676e-01
8.315419187933617007e-01
8.335335981495172186e-01
3.588939247678530897e-01
6.469270850620845170e-02
3.235309059969354584e-01
8.685933146852170550e-01
7.247461564980275384e-01
9.913164048909307580e-01
7.695945348767228023e-01
2.233772551543194984e-01
1.314530449991834216e-01
2.945046531300974380e-01
5.728898801608782732e-01
7.783906586607692857e-01
1.657235305718187668e-01
9.301062534766026957e-01
5.571541713761377634e-01
1.940043605665893178e-01
9.428048829939655873e-01
3.524260161453726115e-01
7.814409895850006338e-01
2.316918437781102513e-01
1.481572084641981091e-01
2.772710538695377647e-02
9.449673140485446154e-01
8.940312314295519869e-01
2.102074919211929238e-01
5.823433779958030465e-01
3.197018513691369801e-01
1.729690075945609085e-01
1.353499053999471791e-01
5.354246938518758547e-02
5.247491618300316185e-01
5.588085861658481646e-01
4.741951186982106270e-01
8.035294306731054492e-01
1.876434736752752297e-01
4.555314756227396567e-01
6.743324737973513949e-01
1.079804769786794072e-01
9.352617169413766085e-01
7.030693202280086096e-01
4.287874269122654569e-01
9.682014258172945143e-01
4.895885818210778950e-01
1.262973179286616121e-01
2.782848934169935839e-01
1.292209312051252335e-01
9.219802281025358814e-01
4.249688089448896422e-01
4.906254332922372896e-01
1.165724760879532917e-01
4.298831652700207950e-02
2.500263380963654303e-01
5.987507607775258700e-01
3.874189076907716967e-01
8.145151804711736609e-01
4.051734601812776448e-01
7.592007267615796806e-01
9.389957698683368825e-01
3.357810138926460297e-01
5.580270258638697634e-01
7.195156757324048247e-01
4.419830128849938644e-01
3.848290053174440173e-01
7.466494195934511025e-01
9.478350015928929118e-01
7.880947862682676774e-01
1.357154425153517252e-02
9.837071993927578584e-01
7.810790456686285133e-01
8.623682068504209264e-01
9.386644365509383414e-01
9.643191498886709567e-01
5.807649834009188661e-01
6.961206388993268490e-02
1.719711912646663121e-01
7.119643958852207577e-01
9.195078642602910746e-01
6.889802170925887204e-01
9.374405285781778341e-01
2.046635446915304746e-01
8.715665084628995141e-01
7.741499999525910392e-01
4.205747651773781293e-01
4.734061209417608218e-01
5.142740704442726463e-01
8.897614343012543170e-01
9.484934314125551547e-01
9.747277955003130767e-01
5.143695719613526895e-01
1.693506657338339494e-02
7.133957115427318474e-01
4.787171577862945338e-01
6.357324627375756654e-01
4.017964078478450940e-01
7.059290753769145166e-01
5.873608767277637144e-01
6.180547761076899960e-01
6.766730206529253389e-01
3.123306824278635485e-01
3.031638281288456804e-01
9.698876739024935301e-01
4.486504608595678345e-01
6.921177776755680355e-01
9.658052462115316317e-01
4.347635072489732799e-01
9.823269210009797359e-01
1.031998323618739111e-01
3.436937331020056829e-01
9.935386359370863563e-01
6.377155888547128004e-01
3.547171965107568381e-01
2.247317915356826790e-01
1.992690776819130427e-01
1.602277315304977412e-01
6.825541625991482508e-01
4.459914860397463654e-01
1.628731578170897754e-01
3.468024398024472932e-01
7.861725218625821299e-01
8.845931798743932317e-01
3.134075223450130121e-01
9.528937028504232964e-01
5.834947032547359580e-01
7.937950581126931304e-01
7.671737653068086971e-01
1.765030075968074819e-01
8.101804552708939955e-01
9.780781801486780891e-01
5.355731422165282973e-01
9.742120455038291160e-01
3.797128180445223933e-01
2.745141150162220267e-01
5.474916903399791313e-01
7.226563828745946605e-01
2.533152135440891461e-01
9.726184976125304971e-01
5.695533905611090963e-01
1.725597502098817904e-01
3.381946783642216792e-01
5.864470347624360924e-01
8.725545856153605895e-01
3.072219346075117929e-01
8.158796990212568989e-01
2.850891211435607753e-01
1.771024075597664726e-01
4.072082805327553734e-01
1.371350687188610529e-02
9.560244037085384727e-01
1.972018542126796614e-01
9.327921270694349287e-01
2.297419854240292381e-01
1.575505342367198303e-01
4.613235617212380069e-01
9.320095871171495405e-01
5.034099455581878546e-01
1.090011114627001954e-01
3.768580648211895534e-01
2.594732654318795406e-01
4.632090675941551439e-01
1.805076770049575119e-01
3.417515878757251269e-01
5.942670904098651397e-01
8.520493062694255437e-01
4.659579037793210032e-01
3.705439335442269888e-01
7.758885146119565146e-01
3.715368561425026472e-01
8.145697609334677791e-01
2.074047188076056925e-01
7.355194254787114083e-01
6.320781153238397287e-01
1.545551190938443398e-01
8.521796249290168879e-01
8.044121146918592480e-01
8.350920512476118773e-01
6.872271720423226427e-01
6.575561475536300104e-01
2.598289733093832599e-01
5.917261194471298280e-01
8.445653370597880905e-01
8.413666505504682203e-01
2.628023470653907401e-01
4.671300976214400880e-01
9.114040129733941287e-01
9.213846197031474450e-01
8.028814680042198892e-01
5.907878743073613492e-02
5.219087437830014498e-01
5.053456096793629282e-02
5.573877482363930325e-01
5.668610788327776984e-01
7.296163296511719576e-01
5.160218258214321896e-01
1.255424970722791578e-01
8.298547802969119536e-01
9.904402624874364403e-02
1.289643972085230406e-02
6.710311560943995612e-01
8.013712280830168622e-01
7.274286532248015469e-01
5.065836702678410131e-01
9.148983500479425102e-01
6.202056872527828002e-01
3.035094911822305841e-01
8.237140654241672522e-01
8.632723607694949841e-01
3.449483439499992921e-01
4.743672269535232910e-01
5.352884639972328440e-01
6.533726678457928427e-01
1.418163789658842822e-01
7.909661416875638507e-01
2.026262453357918769e-02
7.892507067048988301e-01
3.310115938404371017e-01
6.103796591040998587e-01
2.838721652495503900e-01
4.530491307024575587e-01
5.928970960171189297e-01
5.548913044998361466e-01
3.318387970466019077e-03
9.088968983987748551e-01
1.040691660822755660e-01
7.593771131430863131e-01
8.977786034061947529e-01
5.215290396947804830e-01
2.872437578917569345e-01
1.071798091162637911e-01
8.075244316009454471e-01
9.599946301057382669e-02
6.723979316814704399e-01
4.536531792108157157e-01
3.853610098077386859e-03
1.466955561903320326e-01
2.182248089532247137e-01
6.731183791040112885e-01
5.450097984952076979e-01
3.375739449803534242e-01
3.180645322089241667e-01
3.695570719786535063e-01
8.834533373911596099e-01
7.221148870301791201e-01
7.574624481736924597e-02
8.614362806265973838e-01
4.909684009216916944e-01
7.590421327303251697e-01
8.713606610993074320e-01
2.570499308097751179e-02
8.697432759182656126e-01
5.237531235487965509e-01
6.318524322272641713e-01
9.320582854290964114e-01
9.158158814205884513e-01
2.435970719112747762e-01
5.001981362615587345e-01
2.171617857944786456e-01
6.922461688772255650e-01
3.468402168460804624e-01
3.625302815095351461e-01
7.172604826003601275e-01
9.496369315531689725e-01
5.717290874100398046e-01
9.288259710988058249e-01
2.584937762394309280e-01
1.473069827658357589e-01
4.048699923357499397e-01
6.879819031336900093e-01
7.063886359066678944e-01
3.145149775884606980e-01
7.648794188175759290e-01
3.674101066229110701e-01
3.727322287364267517e-01
1.956091721448742771e-01
2.568793218192489958e-01
3.854039823785139207e-01
9.861129903835827992e-01
6.281572839510768391e-01
7.405840377322487900e-01
2.006623901154210854e-01
5.299366886910787944e-01
2.307315806945997583e-01
3.653439641677534988e-01
8.385037472008493031e-01
3.681778943566951234e-01
6.891724890498354128e-01
9.660899508302693839e-01
3.227625392980074670e-01
8.485979115490271951e-01
6.280692521812716311e-01
4.682280283854424185e-01
3.230615020620886124e-01
6.006122718113665604e-01
3.297334932645743510e-01
6.534471713180367569e-01
5.165455786571387931e-01
7.329433490698178399e-02
2.749783177274128798e-01
9.271222789158268807e-01
1.694317544450174573e-01
2.454590576567496907e-01
7.270069716785627634e-01
2.784602581651784980e-02
4.498116938029924627e-01
2.368971674293673946e-02
7.432961431620055404e-01
3.192885702301042627e-01
9.730224831506931737e-01
5.140415931302810826e-02
3.939125389668418631e-02
2.480853778129874510e-01
1.587117281083750830e-01
2.086652902518868480e-01
9.322688936585203923e-01
3.441878038057092359e-01
4.912441359566533938e-01
8.502694030903796829e-01
1.883062214175877935e-01
5.998757960688673174e-01
5.882102523874020994e-01
4.900892235565369459e-01
7.072453525762993909e-01
9.595321442340564166e-01
3.380571874057973769e-01
9.299083616711145694e-01
6.866073764240935295e-01
8.286558591308783583e-01
8.531076821547002309e-01
2.398475452475489211e-01
5.892678999391808281e-01
7.222640843766180430e-01
9.945472584930887816e-01
3.425490732799937321e-01
1.263740064635849869e-01
3.006467103071885916e-01
3.173793067280755720e-01
5.325211582912778852e-01
4.460774166752589087e-01
8.688921867224379536e-01
8.192612762290141237e-01
3.994327015693865945e-01
5.613620922070347019e-01
5.750357991162539095e-01
7.257991145585546144e-01
3.602889057982026078e-01
3.518600140693561862e-02
5.256446014607638606e-01
4.516469087210397415e-01
6.250241593993233202e-03
3.909286407710791389e-01
2.482539747500601690e-01
6.434939905185951270e-01
5.397524537101883180e-02
1.746866017362078694e-01
3.459414317983361409e-01
4.787759878882292819e-01
5.715385467228706329e-02
9.287679562803656808e-01
3.171471772685054979e-01
6.127796740734182679e-01
6.133906905177793911e-01
4.354490634410360661e-01
2.175832325823636726e-01
3.347001714294048913e-01
2.078572740832700383e-01
4.158479623916367940e-01
7.271732141732232257e-01
8.061522318606169080e-01
2.439988002039875647e-01
3.535844630680445855e-01
5.761613141706822816e-02
1.615100008891552363e-01
6.909492445694539464e-01
1.551127440900100796e-01
2.308127411059882617e-01
1.574798837122598494e-01
1.884343602903233439e-01
3.415513541464078040e-01
3.991287193524001298e-01
9.810707581914765996e-01
7.726217650074456156e-01
1.008265458024253380e-01
8.662383436377708579e-01
3.733716069201103993e-01
5.870088521578120666e-02
5.720863239004423395e-01
6.558970953234890544e-01
1.005225428827907219e-01
4.824474750962814973e-01
7.957428207416783472e-01
5.870730966645036908e-01
7.727820386086379223e-01
5.237647525744926202e-02
5.489964100875514008e-01
2.911716882717985122e-01
8.746013562536781860e-01
1.439739225393331656e-01
5.078299246313533466e-03
9.963608066753962822e-01
9.201632800564807368e-02
1.089197147057372472e-01
2.905783602728231330e-01
4.259160180038633614e-01
5.387730596099922220e-01
1.372380970132945910e-01
3.911860891170676480e-01
2.719327162543571097e-01
7.901938399839224525e-01
4.766427658021986646e-01
7.872381029256182439e-01
6.093221752916554435e-01
1.567061676938609205e-01
3.572332567429330474e-01
6.928157927108677949e-01
2.603729905676864798e-01
2.359081966651798146e-01
3.836208976160450090e-01
2.340508331355428684e-01
6.679316751289796628e-01
9.088214095419232530e-01
9.421233355339420079e-02
8.103001343754908659e-01
3.425450026980036977e-02
4.569902929422172688e-01
1.114647056418971438e-01
7.226155954498257872e-01
5.019226858582354067e-01
1.512276008061242960e-01
6.597481769892690195e-01
1.756722793875056254e-01
9.184995909875522946e-01
8.778716900419771818e-01
1.828755779769332124e-01
1.553065181978636744e-01
8.371702656284717436e-01
6.920083940731928118e-01
6.629947566196384701e-01
6.954144005070722612e-01
1.332235466802278445e-01
6.859934696623675165e-01
4.087544064312955694e-01
2.027166993154621011e-01
2.902136591977185764e-01
4.630752292691100447e-01
6.574870140833825038e-01
7.126968077321167438e-01
5.555147858029685359e-02
7.091740667100141504e-01
6.678564133724356200e-01
6.603988902971846819e-02
9.259357234607132892e-01
6.145999886477478968e-01
2.712721417408980873e-01
7.296081123577480287e-01
4.050367775625940414e-02
7.841182213534004797e-01
4.891102054405430666e-01
5.022029387566990799e-01
4.396100831254077246e-01
6.407102166485278971e-01
5.988224206000826166e-01
8.554320324081305937e-01
6.881525949494449179e-01
6.904844594527485002e-01
3.301796382149514431e-01
8.441527620803027654e-01
9.448498575771679953e-03
3.750802695946844345e-01
4.762742822741015125e-01
1.588883520431749741e-02
4.265760192931397077e-01
5.551974313828857976e-01
8.878370962776325204e-01
1.383073058435990710e-03
5.537855117197800769e-01
3.244815630155575281e-01
9.492084193956565885e-01
8.492377568163034240e-01
8.135208075912001568e-01
2.229204603177240562e-01
5.040313789915795706e-02
9.862722244897109691e-01
6.833945246629636872e-01
4.432992313535247808e-01
4.399720061808425342e-01
1.920616327222605113e-01
3.083721943054376080e-01
2.278616181841486288e-02
5.083904148974368598e-01
9.399580464803272140e-01
7.391620406198337045e-01
6.439821309247152348e-01
6.618024716025352472e-01
7.938903578524669769e-01
4.255326695327248387e-01
3.046565828090497252e-02
7.536900181749229821e-01
2.456275093868256487e-01
7.461171128910650818e-01
5.989371266087827328e-01
2.147065169101395332e-01
1.088671382215498085e-01
1.304226662905290102e-01
8.259916422285263904e-01
5.450447434113979694e-01
6.868737501191620742e-01
6.789933697516693512e-01
7.796030967960232427e-01
7.109794772164259591e-01
7.900207875086551201e-01
3.143569228026533713e-01
5.498745469129422414e-01
2.890068164019219399e-01
7.371131999168425430e-01
2.690592531348277028e-01
8.252040203938177942e-01
9.567353955566937351e-01
1.720860529795802396e-01
8.446992654148125501e-01
3.805762566517846279e-01
2.321855648618371681e-01
8.689060549821814305e-02
5.488257775547432660e-01
9.506433486354006757e-01
6.162721794482417526e-02
4.399791008156426209e-01
8.437939764661553932e-01
8.473639336635682140e-01
6.304404046335665424e-02
9.844223034208475775e-01
5.018759461107143993e-01
9.882696189624822214e-01
7.801543861312041361e-01
1.319936332118503142e-01
3.707984269111926912e-01
9.215551682243733334e-01
2.589230505409433336e-01
7.697211172106351862e-01
5.985758534287896060e-01
7.223796298809229688e-01
3.934178864672953635e-01
9.629362807102711530e-01
7.298036862747461218e-01
8.975268965535427856e-01
5.812431671732486427e-01
2.712719429617843625e-01
5.456251031937989771e-01
4.154038759070565190e-01
9.003528853488843575e-01
4.865582953805033251e-01
7.112804417948102031e-01
8.953357638758219217e-02
9.414250947700333327e-01
6.494939011364585513e-01
1.297415091676503707e-01
8.824650691145273784e-01
5.552174950553790955e-01
7.169773598305919649e-01
4.819820154329219619e-01
1.123779305687996333e-01
6.303277507503579624e-01
2.776898104022949010e-01
4.340349602178472654e-01
3.985902231785786176e-01
2.363868495898691080e-01
7.016372460571510539e-01
2.235532862814574306e-01
3.381078146928750972e-01
3.205302721408080924e-01
6.605611478645412316e-02
5.055125629487036143e-01
5.002203844973315272e-01
7.086772634360671841e-01
5.365796871891671538e-01
3.684203058003585607e-01
3.849928698863362975e-01
2.814802393877890996e-01
4.076790907373121220e-01
7.072467734328390376e-01
8.042237280698453228e-01
2.430080344993076347e-01
5.209254887150976954e-01
6.608226004753141591e-01
7.751358100841316823e-01
8.470748684563177422e-01
4.956854446829146443e-01
8.690844174684515533e-01
9.453461540516266970e-01
1.200027991107498471e-01
2.237566550475625915e-01
4.035469198959312775e-01
8.796221498797958116e-01
9.764617068236284281e-01
3.693167070923428774e-01
7.049717796505514666e-01
2.523246930594574833e-01
2.355260236166220045e-01
3.556051579420090869e-01
2.934195777668995309e-01
6.172303435102184377e-01
9.348000050328376664e-01
9.470542009913192061e-01
7.271416640615029348e-01
1.031458811655884267e-01
5.037979215543143541e-01
6.026515701369782319e-01
9.849617042010337942e-01
9.186844163000362773e-01
7.689996475625238137e-02
7.772386294181610200e-01
8.937898643597583792e-01
5.222104428018582434e-01
8.971201260285889267e-01
3.965582293250511370e-01
5.688946587531228394e-01
3.439440913690406942e-01
3.895483245858423205e-01
8.267585328695561397e-01
6.098667448622080434e-01
8.976183904979194716e-01
7.699931980513747831e-01
4.409472891341494893e-01
6.701299107599401061e-01
9.581212613219347585e-02
4.177749614568195824e-01
6.112501121496369816e-01
2.220243712562298688e-01
3.472696342993158991e-01
7.831550005417757809e-01
7.275250824339533073e-01
9.362304915731615162e-01
6.607495462715874401e-01
1.787517600212329416e-01
4.903271345846331730e-01
9.127092762049167085e-01
3.299973697228087977e-01
2.603222154132156518e-01
3.629211341378500988e-01
5.661150605982578909e-02
8.028159603149872536e-01
3.867560534507025194e-01
4.822001482445648080e-01
9.810774645984466913e-01
6.247964335973299477e-02
7.731401136851707712e-01
9.115337562513948777e-01
1.220241025565863557e-01
2.476136711878847985e-01
4.267267895643598319e-01
3.044427915088956382e-01
3.732473719945387236e-01
8.568905455688755612e-01
7.586594929277601373e-03
1.777700631014810240e-01
8.688015672501090414e-01
7.851944121820344513e-01
8.013628001346954077e-01
7.597329820599207917e-02
8.485740076629304518e-01
7.213170207239314458e-01
7.929848983463315681e-01
8.759417713821318063e-01
9.394958083167592733e-02
4.333215660298679328e-01
9.147750208163428765e-01
2.260128695622661832e-01
9.447774977298083465e-01
6.451344226890990408e-01
6.405281088752612373e-02
2.730381488844493276e-01
9.967359099604999884e-02
1.632316029190474804e-01
5.364756721855272747e-01
1.849614985445120485e-01
4.797681477685081797e-01
9.506967224621727386e-01
8.834952137728112609e-01
4.964490605609450657e-01
1.973319770894300662e-01
8.519923344180388991e-01
9.205618349261950328e-01
3.037220702338829792e-01
6.687671051976746828e-01
3.059113031381837100e-01
3.118002226015816891e-01
1.532325702403357637e-01
1.937254187365766711e-01
9.058171469122283659e-01
4.981171082356861124e-02
4.173523600994449856e-01
7.671625959246732851e-01
4.865487487853569215e-01
8.499196924611278625e-01
3.932335007268900062e-01
8.314622343094326684e-01
2.033198165011240732e-03
1.385807808129546626e-01
2.494242572698356364e-01
9.071407997498797116e-01
7.291849527813536458e-01
5.699457398829254062e-01
6.814907837946042601e-01
1.886899903658643129e-01
9.518431124340285265e-01
1.128715902935087945e-01
4.571516280059251258e-02
9.457181522538230523e-01
5.950900763985267350e-01
1.920229440697279744e-01
8.978826906196639701e-01
3.190193365840034989e-01
9.718714862438065927e-01
9.639045386354380129e-01
3.126912621633360923e-01
8.622848884185485563e-01
8.105936111561159452e-01
7.088325689037123789e-01
8.014243685186388522e-01
5.909336253304831033e-01
3.740824577742990487e-01
9.755073423294268187e-01
2.536379205484613486e-01
2.125459754852894179e-01
7.434016073766354094e-01
2.850548015656761969e-01
7.653599978037818330e-01
2.035810020050411451e-01
3.538896126931987407e-01
4.346285260085588353e-01
7.538259329427201560e-01
7.833251857391201334e-01
9.781277098821731242e-01
8.726394750490473751e-02
3.973835999815217290e-01
4.820266648366436923e-01
8.128563908308995556e-01
8.357899800325594430e-01
1.209881202767157937e-01
4.374583283495043773e-01
9.360659546920069296e-02
8.974265909295030541e-01
7.475501485372815225e-01
3.597084185114265420e-01
2.156684461527254015e-01
1.381539256171996355e-01
2.969382607836535959e-01
2.235336933407107152e-01
4.503796714026594428e-01
6.487166874813519168e-01
1.385533279354791425e-01
2.486507704125688889e-01
4.910932922829277514e-01
5.447361531528680523e-01
6.102075317258358611e-01
2.036753209861592584e-01
4.075068051221455434e-01
3.158177297495275981e-01
9.179097241481078973e-01
6.760894728366594331e-01
5.192009331748080880e-01
5.265414037909231793e-01
1.833541528123794340e-01
6.646452002672345039e-01
9.643994166521882017e-01
8.985756742558943522e-01
5.857297411683537458e-02
8.197518212508960733e-01
2.537686092061804954e-01
9.732602297316548245e-01
7.621285582708288153e-01
8.654156418004377294e-02
