6.858330913773195148e-01
6.007573946107431784e-01
6.803491707472766326e-01
6.878595793298754035e-01
6.979188482505185309e-01
6.777497846127001901e-01
6.010499420000362525e-01
6.053851438600399426e-01
6.331158804711198851e-01
6.248048328827935372e-01
6.909583978028981388e-01
6.686281130218231228e-01
6.016200862118890047e-01
6.314584871769359786e-01
6.544163871449210079e-01
6.277104381566805946e-01
6.643640475120260458e-01
6.716694422772884199e-01
6.699925724103645841e-01
6.613666824670925148e-01
6.856104089303274307e-01
6.759642277734685401e-01
6.994836278192484436e-01
6.996426589545368113e-01
6.698533366730153871e-01
6.695900982200250207e-01
6.620954495760250635e-01
6.798338370871903624e-01
6.666819035360574963e-01
6.888737436466852992e-01
6.780476066531693213e-01
6.023993829006443201e-01
6.404973021120831111e-01
6.386921398497370506e-01
6.052415494207955549e-01
6.486223609362092857e-01
6.041635137398129185e-01
6.928257361637651934e-01
6.879587464632199723e-01
6.376489575815469379e-01
6.552832843128697515e-01
6.667928853127478295e-01
6.316766663721671282e-01
6.882619047280472691e-01
6.329003391205064721e-01
6.924662764518818570e-01
6.391994686053756869e-01
6.889793598171266575e-01
6.956951039340301124e-01
6.229771530023051618e-01
6.932480053511341778e-01
6.029939995853383916e-01
6.621988286099513843e-01
6.983952245540092640e-01
6.818250588213190522e-01
6.363980822441843710e-01
6.087913929599231277e-01
6.066917969521132825e-01
6.742092718401333507e-01
6.481959544044110233e-01
6.070935225698649296e-01
6.557089193945759842e-01
6.482009163999407075e-01
6.907239920478699391e-01
6.391618207802906015e-01
6.869856725399664521e-01
6.064666283613172615e-01
6.285494525282580014e-01
6.652449304406963249e-01
6.565681167534463958e-01
6.024766289532974550e-01
6.201675460891034053e-01
6.454513741136449489e-01
6.586207219789026457e-01
6.556344745354909520e-01
6.319905919809840622e-01
6.599593175398064115e-01
6.337326526632511836e-01
6.755840580380330085e-01
6.135612363213505116e-01
6.801257806988157961e-01
6.738693224589366038e-01
6.807467605286312562e-01
6.046607594709991762e-01
6.406441500462607408e-01
6.896304363804515170e-01
6.480152698155677848e-01
6.455101379509953219e-01
6.810953681013820482e-01
6.681069880977423825e-01
6.818854677267410791e-01
6.386326449748744860e-01
6.258615967157561411e-01
6.047511847523752149e-01
6.431446802500853099e-01
6.181679481666674247e-01
6.819196272305863005e-01
6.140509569991519090e-01
6.365221416867091753e-01
6.350863226836382935e-01
6.824052729696445940e-01
6.704168004339708942e-01
6.569952778728231912e-01
6.452208671891622727e-01
6.552420333936027630e-01
6.047711821517189890e-01
6.029973755004778280e-01
6.414082972884375122e-01
6.922373544022386582e-01
6.308660510363209850e-01
6.555722438128184226e-01
6.886222500340960506e-01
6.980539989378490295e-01
6.730685895757981818e-01
6.007323644734674506e-01
6.796679368153076828e-01
6.859579084142919392e-01
6.477873221023345840e-01
6.199558600456860358e-01
6.752754428908612772e-01
6.380874632260148394e-01
6.233229580464639819e-01
6.546840141302542326e-01
6.686309576070194050e-01
6.620965926608987084e-01
6.964102733987127536e-01
6.024047664235671062e-01
6.806808326716026203e-01
6.252225320804474240e-01
6.851606170615951452e-01
6.298366389890989181e-01
6.426033625793162729e-01
6.744633912459874203e-01
6.151340320337638223e-01
6.210140884788897253e-01
6.432190504321660951e-01
6.771158743647174294e-01
6.614114271483563234e-01
6.328441604889005756e-01
6.903964354677707416e-01
6.714425904417548052e-01
6.308750969760978933e-01
6.895025837753614439e-01
6.187748701819959507e-01
6.130006466829645007e-01
6.895810861489813925e-01
6.408451771879325465e-01
6.908448228302708216e-01
6.972828803089567984e-01
6.118868786256382863e-01
6.089785391284469052e-01
6.920710024373291080e-01
6.411106228122120942e-01
6.040980360677550287e-01
6.147854742305381981e-01
6.763748063991085191e-01
6.306341051085752047e-01
6.125048146527564130e-01
6.361924610965908888e-01
6.085719317779818560e-01
6.367424400539131168e-01
6.962333359430414870e-01
6.987291538885507247e-01
6.900319059202804084e-01
6.948972099876588038e-01
6.200887299839675793e-01
6.863755408660072721e-01
6.064425679682596826e-01
6.858518856110538131e-01
6.767611100933478285e-01
6.935569326282932101e-01
6.096430979373306247e-01
6.226701796947829992e-01
6.384615032932001721e-01
6.517172185704211973e-01
6.997158919670969368e-01
6.547787027638475310e-01
6.900546883973166512e-01
6.270329878144480507e-01
6.436218750378804865e-01
6.248437614892079495e-01
6.691020177511614042e-01
6.509446660331074108e-01
6.449910834785264058e-01
6.940102032510350183e-01
6.047915834204251606e-01
6.284390885356606615e-01
6.653912563498423083e-01
6.366618389202834960e-01
6.414060586905487860e-01
6.724117122067804209e-01
6.581662623789805711e-01
6.154329518022161327e-01
6.207191129802629437e-01
6.135413958328334028e-01
6.628722338813255455e-01
6.428247783502047952e-01
6.770432749233072922e-01
6.219820636742123821e-01
6.710247103364492816e-01
6.500535664893475341e-01
6.914290887428148347e-01
6.088823870443176300e-01
6.379946645546177297e-01
6.387040993318550131e-01
6.396676450221324695e-01
6.129502212009093620e-01
6.684064392391573239e-01
6.220316316370366749e-01
6.505500811464570710e-01
6.636668004125172438e-01
6.257143509873639431e-01
6.085028192292140092e-01
6.738651519738267925e-01
6.797290202143055904e-01
6.922570330675579253e-01
6.846983641562880418e-01
6.475883504538553215e-01
6.110873848637460304e-01
6.543894419705509335e-01
6.491973511449951051e-01
6.392926331628586700e-01
6.042628298489342020e-01
6.426919658723659889e-01
6.783542801219031304e-01
6.378405745513860969e-01
6.133178610719375312e-01
6.088527728297812303e-01
6.395671493989270040e-01
6.148597548477711117e-01
6.530438403185750973e-01
6.241144158930790331e-01
6.434369771327549392e-01
6.884565051679485403e-01
6.387283079649286321e-01
6.485885220960025954e-01
6.597871893756960260e-01
6.417891059010710775e-01
6.536822333446685729e-01
6.162642981631550887e-01
6.121030632471010646e-01
6.228588195552675622e-01
6.293062304014583885e-01
6.939234472530727560e-01
6.790942314441945626e-01
6.473672524177557230e-01
6.858607563748049252e-01
6.321268794567281857e-01
6.386783268618838605e-01
6.541381649212291149e-01
6.298205140765117394e-01
6.775935108060350265e-01
6.735621445372311777e-01
6.949098795826826880e-01
6.605395720272703164e-01
6.520186623122892211e-01
6.406205390747725659e-01
6.452035224691157200e-01
6.062688374609450648e-01
6.670677181266558842e-01
6.694932004941844816e-01
6.323478872886213464e-01
6.976148922783623751e-01
6.454837774302861764e-01
6.142484807622030640e-01
6.835823136271149680e-01
6.982852164949191476e-01
6.390304417506211809e-01
6.910263993711688313e-01
6.966592737850504369e-01
6.076374272085631745e-01
6.471415902992370128e-01
6.422899389497829237e-01
6.416199608192049153e-01
6.245133738826276204e-01
6.671615670672428333e-01
6.700439104351710862e-01
6.538475086196021691e-01
6.035173241248463771e-01
6.899886531159905578e-01
6.657588066266748594e-01
6.758488734469665360e-01
6.453670718733279799e-01
6.512535792516316313e-01
6.018562785351714295e-01
6.442320954477733785e-01
6.901572222847552895e-01
6.434870678329381866e-01
6.058571780177821609e-01
6.905735354502658963e-01
6.720584445943919016e-01
6.603077139466757561e-01
6.368636397389801918e-01
6.888225998788496396e-01
6.387328547077529839e-01
6.787533573247703789e-01
6.841624904188916556e-01
6.058166627299000906e-01
6.805245697182354947e-01
6.895824490187280054e-01
6.329655198634773772e-01
6.460487394668180672e-01
6.792286458614471556e-01
6.292606155612036067e-01
6.151588705803537893e-01
6.751483468283073774e-01
6.177239925553137390e-01
6.314983527868756052e-01
6.527387506079581625e-01
6.739838685942115548e-01
6.358869064357096645e-01
6.994142797706155434e-01
6.770585447217780661e-01
6.983855744414980693e-01
6.501476134097025072e-01
6.204027964781064775e-01
6.682726564794286839e-01
6.937303281707335456e-01
6.667599370454813101e-01
6.309044243462729185e-01
6.571118218802030064e-01
6.414663410387051456e-01
6.879630636299444157e-01
6.978349802247211242e-01
6.680432646192312474e-01
6.826040216820449258e-01
6.771281806229700884e-01
6.526125356134589994e-01
6.296292110425507627e-01
6.933897289554300514e-01
6.046077704934118557e-01
6.514725746192689959e-01
6.271676589312811245e-01
6.093425580146244469e-01
6.230061104407854655e-01
6.625472975782400464e-01
6.669468849468723759e-01
6.783214581893142192e-01
6.183895698147553466e-01
6.004401400487350271e-01
6.186758098054225830e-01
6.841314999405433417e-01
6.546886864992798039e-01
6.213938592744177036e-01
6.638647177969160262e-01
6.556455803382024161e-01
6.501295313491004535e-01
6.834282409182053097e-01
6.581892228066231754e-01
6.630957512025281719e-01
6.883721134242275497e-01
6.766637471038472462e-01
6.969345882434302419e-01
6.115701032305654872e-01
6.087248563968213899e-01
6.028196337431352969e-01
6.311570694604317078e-01
6.813832890868890546e-01
6.736143904721300091e-01
6.651366752340619470e-01
6.678994752148864622e-01
6.591460833185406321e-01
6.615657877060603376e-01
6.710233144133729288e-01
6.981966713536265079e-01
6.338242274119675335e-01
6.318782903280222296e-01
6.878153450745995157e-01
6.263846053604046338e-01
6.812510746401835293e-01
6.449797612616657849e-01
6.567340816755776745e-01
6.090528553291262304e-01
6.029382803321934325e-01
6.298209729825645642e-01
6.601652041645852398e-01
6.304216433444136403e-01
6.298551926021017655e-01
6.597501698100943779e-01
6.524914040191910347e-01
6.288528625317741927e-01
6.091524771607254030e-01
6.754896496741381595e-01
6.146725682618239262e-01
6.740577972515493510e-01
6.845327811121756367e-01
6.844804935856885209e-01
6.190827518712094246e-01
6.253682742749280266e-01
6.349002225235641506e-01
6.103294605989123545e-01
6.389586631894691449e-01
6.091612214077903875e-01
6.444042159656194757e-01
6.112819838149213814e-01
6.126065979883427159e-01
6.792564433487251474e-01
6.235605525731935384e-01
6.741197643307308418e-01
6.947843220866390945e-01
6.036505751421206156e-01
6.996203659142319342e-01
6.974653870196155792e-01
6.713096700493470514e-01
6.204841406088896782e-01
6.519885166642997998e-01
6.694002758806787412e-01
6.557420803363981365e-01
6.288398126911975972e-01
6.561371256436162591e-01
6.878243849067642302e-01
6.159082112726661506e-01
6.706131769491959771e-01
6.406735663779457024e-01
6.246066116202706464e-01
6.657802934109984250e-01
6.233281823120627729e-01
6.729819242303612947e-01
6.115238382670340478e-01
6.117423238003835140e-01
6.892437571015224140e-01
6.219075564896582309e-01
6.054031925964036276e-01
6.086964367803588960e-01
6.915974215724615126e-01
6.166415347195058905e-01
6.591363629855295780e-01
6.239293153813041393e-01
6.008140920262109441e-01
6.394389346671613961e-01
6.164782587793060653e-01
6.111736537524833368e-01
6.530508756996403763e-01
6.745523938780406681e-01
6.045717002276114194e-01
6.283072990076147279e-01
6.051534685781621015e-01
6.851530197143300693e-01
6.689772722481511780e-01
6.279637663805185399e-01
6.412081725578377966e-01
6.514009661784615490e-01
6.902498495080306995e-01
6.104843193798574763e-01
6.657884955849814324e-01
6.704402995026663703e-01
6.866144372357027015e-01
6.921202007618754148e-01
6.086792519738342122e-01
6.036964421392525537e-01
6.403432883586117619e-01
6.595228470348217797e-01
6.992650713798604922e-01
6.597015798999480429e-01
6.848668876703366548e-01
6.279009552093970381e-01
6.172194672239141866e-01
6.577854158037909071e-01
6.416384926318551285e-01
6.354290157218689394e-01
6.781751333627489275e-01
6.870262631586516733e-01
6.444066884597501321e-01
6.420283003172380099e-01
6.283443977901168598e-01
6.095456141230597424e-01
6.070646071379858233e-01
6.454668257362504713e-01
6.760926383519163529e-01
6.187062578845536898e-01
6.034604254250256483e-01
6.464537867914859071e-01
6.792100286223771155e-01
6.795814500075955111e-01
6.641963742293389705e-01
6.108288236024153051e-01
6.409016584945900208e-01
6.480638759803756255e-01
6.447394013866254436e-01
6.835564550696262565e-01
6.596005443414391101e-01
6.404441383176124880e-01
6.862286917870842329e-01
6.772895312529065848e-01
6.359072418750161271e-01
6.363250116863307104e-01
6.337344350992933917e-01
6.279014279105430418e-01
6.950644015793590036e-01
6.926978651100025308e-01
6.229013495172541770e-01
6.191096119251130458e-01
6.927560999446482626e-01
6.565319354933809581e-01
6.104079138226341517e-01
6.461223494880001805e-01
6.141961154177075777e-01
6.321095240792727887e-01
6.636290800249381450e-01
6.281047925242131402e-01
6.404058304038049432e-01
6.226581076753635591e-01
6.608682105805541163e-01
6.185653578815564213e-01
6.492548979895511607e-01
6.629344666997153412e-01
6.056766385878827874e-01
6.056909743773979393e-01
6.578388743567634700e-01
6.329115155927581560e-01
6.029524608356499060e-01
6.024905732479444165e-01
6.744203185948115520e-01
6.484891759731998828e-01
6.921458305844813141e-01
6.667634165712614802e-01
6.517089375170540544e-01
6.422619081802037888e-01
6.574361752253607971e-01
6.607658620704490726e-01
6.741648179791089879e-01
6.016429312843004640e-01
6.854500137286532180e-01
6.865373004268570112e-01
6.997742220750310382e-01
6.969534807348477523e-01
6.196436908003970512e-01
6.956013507086750147e-01
6.901359353087372916e-01
6.191030572223769068e-01
6.663444989269897700e-01
6.501240000332406677e-01
6.964628816808177136e-01
6.211769628726195869e-01
6.929821227779813242e-01
6.192500867558676791e-01
6.452757756087652563e-01
6.957719788046281550e-01
6.331976299390744689e-01
6.078520220398302421e-01
6.352659783355116829e-01
6.134116340495296971e-01
6.077697767829898234e-01
6.989128441713623463e-01
6.882154387182750632e-01
6.757932707373437431e-01
6.280513763611309530e-01
6.003140350508884282e-01
6.945501471291761764e-01
6.614253337788479348e-01
6.631690572463215805e-01
6.368067902759670940e-01
6.563807246594863809e-01
6.947648887769025672e-01
6.801351955945802441e-01
6.145929178056735998e-01
6.955808085900037074e-01
6.571485054525605385e-01
6.111068243254995647e-01
6.727439970029022165e-01
6.629157536160275033e-01
6.399184773140151883e-01
6.684891454855910187e-01
6.143329844169040932e-01
6.482653806629919968e-01
6.369986283905608726e-01
6.694698342804452640e-01
6.111601935320206680e-01
6.978792745998994018e-01
6.877484595179881310e-01
6.611740432313434335e-01
6.995745777585457015e-01
6.077973165247712029e-01
6.337951517960165315e-01
6.338269104614669969e-01
6.863631453413039374e-01
6.159831733386768038e-01
6.816112218846520632e-01
6.904649052382092478e-01
6.145900784736020306e-01
6.064505702329526793e-01
6.509046776652677169e-01
6.073263342180231783e-01
6.350892472662504895e-01
6.570049727143111307e-01
6.851122146389847511e-01
6.768429139808225248e-01
6.762061077023944211e-01
6.116042352027425411e-01
6.348038369860515839e-01
6.157452699330038248e-01
6.985988278582891953e-01
6.697707971070713251e-01
6.554694364960728103e-01
6.774252016036613755e-01
6.565624902687264841e-01
6.813396793474720825e-01
6.538381460073227069e-01
6.741023017996992106e-01
6.069524912998219834e-01
6.990596564795809043e-01
6.030136625313552434e-01
6.489296564289528391e-01
6.691012426337987762e-01
6.426879564336952511e-01
6.499722760527270049e-01
6.486231479982722536e-01
6.310333870473746609e-01
6.300840507693821202e-01
6.060264122603969961e-01
6.936163346378350081e-01
6.341843160845621608e-01
6.595086587196647976e-01
6.824371820139117917e-01
6.290974684028798336e-01
6.408349699223933049e-01
6.431261866680375583e-01
6.128279600261519189e-01
6.539290659495349267e-01
6.669985522108833331e-01
6.356025108665369627e-01
6.854638549574875173e-01
6.155785504138905351e-01
6.224240929985616066e-01
6.499881365075000916e-01
6.017153445545863066e-01
6.215695739359907712e-01
6.887554340296085931e-01
6.097798766220466904e-01
6.536697321958392370e-01
6.163538642671106960e-01
6.084938290659180904e-01
6.361126820275263549e-01
6.484394753114369747e-01
6.530135109890996548e-01
6.239223760083271175e-01
6.479401454381990000e-01
6.921605285642086214e-01
6.353352795410158738e-01
6.791693723660778836e-01
6.616781478626281299e-01
6.209468579435674096e-01
6.206973614817867801e-01
6.645603220707766434e-01
6.416265550729549627e-01
6.306106441597505441e-01
6.064687554340313369e-01
6.954316554716634124e-01
6.763035371542629459e-01
6.871445440086164647e-01
6.757409952635982098e-01
6.139032007442614125e-01
6.593174141572496483e-01
6.378642039591181367e-01
6.366292462320520817e-01
6.040489715154158112e-01
6.036052574680791372e-01
6.185630479026833495e-01
6.570239115832505750e-01
6.166800447512355010e-01
6.731147453133548009e-01
6.918697478820092783e-01
6.124154788616935630e-01
6.430007241350350622e-01
6.907741454592285502e-01
6.395503127078563388e-01
6.249477726133436661e-01
6.586466702734634637e-01
6.011861941039012835e-01
6.070703651013689139e-01
6.161230880378559815e-01
6.208648084032533099e-01
6.500988291113671824e-01
6.280620876725995227e-01
6.352891549388187675e-01
6.846769026181797058e-01
6.554407600725966621e-01
6.232907787055456117e-01
6.738377791069387612e-01
6.806422511776581974e-01
6.363247672196764571e-01
6.435455719299888466e-01
6.386480328108310456e-01
6.718501173609211508e-01
6.867135364418552879e-01
6.637091964346328865e-01
6.975152860266259358e-01
6.152453835168074647e-01
6.417669169066767543e-01
6.667755224273378412e-01
6.914525893082810182e-01
6.131487090065179668e-01
6.673377916803201471e-01
6.692229306774080122e-01
6.717750911818300974e-01
6.546047814091757733e-01
6.542172159211100402e-01
6.839920692421246340e-01
6.843399878682726589e-01
6.048391167805621249e-01
6.193405565268911284e-01
6.845254176695589887e-01
6.189350799142014914e-01
6.510425129391824717e-01
6.295236551030535255e-01
6.458608995981949263e-01
6.140856017461521210e-01
6.378857023968813600e-01
6.134531438908780165e-01
6.681787349169913126e-01
6.161020836191636318e-01
6.009214122989728901e-01
6.095917419271497106e-01
6.042052589663848838e-01
6.671025592584221009e-01
6.132694159650904364e-01
6.469873904534404474e-01
6.323417052818514072e-01
6.377786059445453848e-01
6.341979487522304559e-01
6.603989080560075386e-01
6.105222718903902113e-01
6.229629237335362335e-01
6.959285279177808148e-01
6.808074354874847911e-01
6.802577217023683120e-01
6.033943095897325026e-01
6.593054062438448160e-01
6.844824580637518530e-01
6.946447027692917997e-01
6.178481406348466098e-01
6.378724208603481216e-01
6.306812617158081835e-01
6.614759752068730680e-01
6.879376073476325404e-01
6.154945571891129452e-01
6.600797512077192231e-01
6.590005902603165433e-01
6.875652910537528584e-01
6.372794068253875288e-01
6.935994235884040959e-01
6.330105764439567517e-01
6.141907044172856267e-01
6.601887833807779105e-01
6.470755050439979117e-01
6.887236081007942490e-01
6.542341871412741261e-01
6.865982739978438998e-01
6.728992619673237474e-01
6.246797244688636619e-01
6.830931747618403937e-01
6.617740102339632058e-01
6.269141145341668997e-01
6.888282530697120709e-01
6.966352770946273587e-01
6.361622702076110691e-01
6.133070621197991290e-01
6.781477882997752893e-01
6.491649014785424443e-01
6.138988079773730622e-01
6.915092951371047958e-01
6.506651525818740733e-01
6.788701671922418024e-01
6.089139630795180613e-01
6.525612674039864558e-01
6.006567440123808943e-01
6.216360430570809781e-01
6.839509374852564827e-01
6.812735867229846587e-01
6.385540618543117386e-01
6.938241459721330440e-01
6.447767520597920132e-01
6.731729604773029063e-01
6.962084914504370614e-01
6.763165459947366731e-01
6.712375424395014001e-01
6.089461633427531995e-01
6.632519206661819933e-01
6.862597822674838532e-01
6.542175104034554378e-01
6.886242399614413978e-01
6.580535660295825373e-01
6.969254149727377445e-01
6.739138886717502830e-01
6.705014855425048825e-01
6.691007192555644689e-01
6.976564132421239073e-01
6.231288820213550794e-01
6.052127361514708648e-01
6.121889874515804575e-01
6.462856430775514305e-01
6.034683319455375061e-01
6.382361390928003031e-01
6.067065154703707996e-01
6.295235789650041047e-01
6.659255459767476903e-01
6.694259647078826259e-01
6.331100328072843952e-01
6.909996691596085316e-01
6.389929485414608257e-01
6.602257591901771194e-01
6.150845503667585756e-01
6.920005323710611833e-01
6.019661679755358152e-01
6.653286821576381849e-01
6.063726956576473981e-01
6.104405481076110584e-01
6.371242631462121775e-01
6.384567297222738524e-01
6.258530790405082422e-01
6.942639913543040553e-01
6.477836726582146820e-01
6.289882601950085306e-01
6.977922583972576698e-01
6.939800876548539721e-01
6.731644083768607567e-01
6.272320932032909857e-01
6.591479180753090361e-01
6.000984088128498151e-01
6.023035459523371493e-01
6.983019567319612708e-01
6.390630313532519313e-01
6.156281501955617186e-01
6.723354971209738462e-01
6.964239625713721793e-01
6.029919236941518879e-01
6.822659090175521301e-01
6.957022192258339732e-01
6.682939101583469377e-01
6.902850712951997814e-01
6.080385595179085279e-01
6.619605025018238109e-01
6.611439453370735464e-01
6.602778626115745064e-01
6.396127177890857940e-01
6.252383889373800407e-01
6.968407044405253714e-01
6.695574835487377863e-01
6.295038860952204551e-01
6.112668428955168043e-01
6.136536191260195672e-01
6.219491542322290734e-01
6.943172728738612465e-01
6.784552806007302372e-01
6.160130082943148233e-01
6.320575482405867973e-01
6.324878413385023324e-01
6.801445138838049242e-01
6.044897554255357353e-01
6.557183640803798674e-01
6.035709207595809644e-01
6.582458300642951565e-01
6.147441773044634017e-01
6.640989069385969668e-01
6.650565104560409724e-01
6.848397122469314091e-01
6.444526075637744267e-01
6.168954777666492140e-01
6.826851736062193865e-01
6.973132161363870818e-01
6.804042839471401427e-01
6.953117077590809103e-01
6.092749256868654761e-01
6.882420108023059591e-01
6.416886687475478190e-01
6.988608488930994067e-01
6.296728340099833066e-01
6.658766967359769362e-01
6.425279297252833866e-01
6.685119468758951022e-01
6.537508599480090776e-01
6.232138049183366668e-01
6.055618441484623693e-01
6.360759909401293433e-01
6.791277955133894206e-01
6.499379931035119684e-01
6.428781927112557915e-01
6.722420156922259693e-01
6.588731413968468287e-01
6.416285166213038238e-01
6.129685551566869117e-01
6.884257812919702957e-01
6.403271062125850399e-01
6.281089079348408655e-01
6.836890855594659477e-01
6.945434816632409802e-01
6.309279182685213483e-01
6.867044137797300163e-01
6.189698744008714781e-01
6.813487857498538025e-01
6.187115108807398345e-01
6.564994355897683098e-01
6.833624038228638398e-01
6.869471961159601126e-01
6.781262585777196872e-01
6.252764000577588632e-01
6.725079914288294436e-01
6.895203969599920102e-01
6.992810676202492193e-01
6.901823362068106871e-01
6.139987274947754647e-01
6.696505552976736997e-01
6.041355565894901414e-01
6.799699574859338069e-01
6.967856156162292036e-01
6.133389924006329430e-01
6.800156065910194503e-01
6.487757146804677966e-01
6.858888426146954043e-01
6.024582424217321819e-01
6.755642794666752993e-01
6.386761649088603665e-01
6.749338314303203745e-01
6.668916367851763782e-01
6.165960451698430100e-01
6.118217115033657283e-01
6.586844002254893526e-01
6.489957293148158612e-01
6.599959085354296651e-01
6.927930422580054204e-01
6.587270853365352341e-01
6.376728289481856660e-01
6.183842891702973077e-01
6.388594110382188607e-01
6.907729146970998935e-01
6.347010114037677786e-01
6.387628049298017530e-01
6.922562306684376665e-01
6.270315967860995432e-01
6.484716858693210240e-01
6.380888207682632318e-01
6.344084378895844534e-01
6.176806459754976553e-01
6.843427705506661685e-01
6.445329642643212731e-01
6.065779493979875925e-01
6.659959866755091884e-01
6.768294317693059892e-01
6.202336530632410749e-01
6.014287319756004280e-01
6.580571430549506662e-01
6.783160107619382595e-01
6.635055040907190671e-01
6.642341599231486038e-01
6.780652593611067314e-01
6.161076990395244479e-01
6.464727578097966276e-01
6.556724485284806114e-01
6.012655891578553291e-01
6.687816197394470530e-01
6.052361022807651869e-01
6.950226726504695751e-01
6.545501905844841595e-01
6.782496784640998921e-01
6.087795854594560963e-01
6.167166107656798513e-01
6.053001776869660899e-01
6.376338500025715561e-01
6.684998808765194589e-01
6.791014284113121580e-01
6.082778343017448686e-01
6.777587756903956651e-01
6.326202543348655727e-01
6.605259341187925681e-01
6.969614071257425048e-01
6.823810379129420234e-01
6.248974165349975296e-01
6.639932437670302834e-01
6.122832849561226087e-01
6.275649408054410072e-01
6.739238060410988052e-01
6.745767895806086267e-01
6.118813654649208900e-01
6.198150451072108602e-01
6.686378639961909620e-01
6.166213883188028655e-01
6.744667443454701594e-01
6.077129120150188690e-01
6.289614507440725033e-01
6.125575738210480292e-01
6.350907313067629678e-01
6.986534249735251167e-01
6.986870119872807816e-01
6.668825414750634284e-01
6.281896725283439009e-01
6.113255364182129670e-01
6.760008937691739384e-01
6.339941782419110661e-01
6.099145759655407728e-01
6.851290142437674868e-01
6.508045407659651671e-01
6.171340688745814429e-01
6.377014444287844031e-01
6.203488782027131165e-01
6.243041964332139981e-01
6.570515391059360555e-01
6.361076106851901724e-01
6.907440733704373059e-01
6.702327569651296280e-01
6.047284678217537124e-01
6.301711562555839530e-01
6.376866284820050801e-01
6.075522700943742915e-01
6.930973911868878456e-01
6.219038659916301670e-01
6.072813468072424392e-01
6.461501512259646418e-01
6.798461802346615901e-01
6.506811292911813815e-01
6.831051387216620085e-01
6.348649866029032474e-01
6.751225978394100879e-01
6.959221086106732734e-01
6.965232508857750471e-01
6.010206023618404059e-01
6.429596797694172583e-01
6.802798994454952730e-01
6.984010506683163699e-01
6.525972052191437722e-01
6.477348801022337899e-01
6.650331736570636032e-01
6.313442398854941517e-01
6.013205274974353642e-01
6.320150653857762313e-01
6.314841330660140306e-01
6.496198235728888326e-01
6.976557260385768400e-01
6.755479745198480490e-01
6.175457662630776667e-01
6.216977556492803147e-01
6.737071698737635561e-01
6.071760260681462462e-01
6.179793918105034312e-01
6.230201680241587159e-01
6.016809780349720027e-01
6.679468993216196582e-01
6.943612748218003228e-01
6.240108455686690370e-01
6.044089327902948394e-01
6.387027433338805515e-01
6.466756005267262353e-01
6.986008595654633613e-01
6.418050843190118426e-01
6.439532277519278702e-01
6.146885051232013897e-01
6.135436711657190623e-01
6.573934325348349539e-01
6.426034883093697525e-01
6.311543611165665313e-01
6.150775149313827406e-01
6.273622663429796464e-01
6.793198590796927228e-01
6.062803740952689147e-01
6.496543561407591705e-01
6.730469208445304385e-01
6.065921026161945617e-01
6.117347603275783419e-01
6.800946023134929463e-01
6.415798779205150737e-01
6.997753589944502028e-01
6.599190311407030496e-01
6.074678660910940442e-01
6.309107420330263283e-01
6.468904602443519281e-01
6.906107631482844011e-01
6.309542592026479157e-01
6.892256784662622593e-01
6.752135439690112317e-01
6.834233053193723428e-01
6.768046630952767595e-01
6.007303995781454464e-01
6.648115414432842485e-01
6.296619422168054925e-01
6.715279033410872511e-01
6.626398460185608519e-01
6.132688643195766121e-01
6.403617774062215773e-01
6.636510369298082024e-01
6.947718045278208354e-01
6.155438383070981345e-01
6.809196989477208639e-01
6.131219132635002955e-01
6.601978259126511928e-01
6.979400089962186637e-01
6.698655779805595678e-01
6.644997976253463889e-01
6.894013941328753781e-01
6.908503161627889133e-01
6.326480089992628786e-01
6.179253230642534067e-01
6.156142790689208555e-01
6.809481386985988260e-01
6.345918211381539331e-01
6.325699441601329021e-01
6.103793273276411080e-01
6.717884023697591189e-01
6.881289483231600723e-01
6.459379540712776313e-01
6.098633908744364174e-01
6.123642532494987245e-01
6.435697285815513702e-01
6.807784405312307108e-01
6.118540918241117677e-01
6.962790664470281943e-01
6.551369421546114902e-01
6.958300545364243250e-01
6.950368009537093439e-01
6.875796959560678268e-01
6.336841001036400689e-01
6.834380829115063172e-01
6.789784287402576002e-01
6.810976356847181501e-01
6.004817102428782194e-01
6.517122751480267651e-01
6.943696990289325299e-01
6.693012623854436294e-01
6.608357703656293491e-01
6.245658303494394659e-01
6.597832123454046016e-01
6.767434407515595662e-01
6.896094097645183441e-01
6.606733778962993187e-01
6.994703610746422218e-01
6.634530562748219840e-01
6.146339263340894199e-01
6.060670671285379729e-01
6.546227816912735253e-01
6.119530737434650813e-01
6.275801031305759947e-01
6.101483179685496250e-01
6.993579371550325829e-01
6.717013771950293144e-01
6.141662373408561804e-01
6.027889442405122145e-01
6.624836257155383157e-01
6.131392801214716748e-01
6.641075819426748295e-01
6.454751410459251826e-01
6.710837607322464038e-01
6.432078634542752749e-01
6.062237170723453472e-01
6.446517134038287633e-01
6.701010659646293721e-01
6.619484641060228158e-01
6.390909703379326068e-01
6.376601585983660003e-01
6.524312233232096858e-01
6.941912935084721958e-01
6.795355459391617670e-01
6.032808452180633552e-01
6.054183617070406642e-01
6.460969576801397496e-01
6.154181736599158015e-01
6.731804539474578464e-01
6.641538004482580027e-01
6.815032034046072384e-01
6.700663398819463046e-01
6.068681169657272889e-01
6.144437548503518531e-01
6.513354038975864846e-01
6.974131428543388633e-01
6.467977005501346355e-01
6.503328699759838294e-01
6.731735337305873035e-01
6.115433701240751141e-01
6.758044549821266012e-01
6.009634220328657905e-01
6.291527014126274686e-01
6.162580500675485240e-01
6.850262190267475404e-01
6.216747214613345118e-01
6.950416785744253367e-01
6.891170557761706617e-01
6.632821029273393565e-01
6.228143773944458950e-01
6.521883970818272980e-01
6.157212909210556528e-01
6.860946506112888255e-01
6.503722658611190699e-01
6.828303994259968812e-01
6.526448098804146225e-01
6.267901915240032817e-01
6.029966328594930092e-01
6.853208980574927445e-01
6.508891807607465330e-01
6.063272849613734472e-01
6.719271047672654706e-01
6.385877765936559536e-01
6.635431427555980033e-01
6.442675601180496425e-01
6.160072443700469469e-01
6.426445195268360999e-01
6.775376939162209844e-01
6.059562857280859083e-01
6.727536486208615107e-01
6.357283040802667040e-01
6.282829503370058744e-01
6.931970018926487676e-01
6.271902519282629429e-01
6.244441661102219099e-01
6.346207169774246148e-01
6.584886404310849040e-01
6.005073994542147187e-01
6.189299461966641935e-01
6.095883060664807340e-01
6.464797718224181144e-01
6.230753656585571454e-01
6.018134812823796587e-01
6.952997122499332550e-01
6.513141578638553808e-01
6.858221181825679968e-01
6.226796501291586017e-01
6.608179377520068121e-01
6.466196490238915739e-01
6.106445825240944814e-01
6.543934586377055940e-01
6.658710215853022030e-01
6.777951451377581815e-01
6.287361901759127569e-01
6.983281871710046440e-01
6.964190353401581435e-01
6.448182091115304271e-01
6.420805879654947201e-01
6.653055683633342099e-01
6.812236945943018762e-01
6.516522696029972694e-01
6.935625560886251595e-01
6.409183833509723982e-01
6.991193249455508463e-01
6.416393679824101692e-01
6.939149438420240124e-01
6.938510119075540494e-01
6.517331969290405258e-01
6.698690374276737858e-01
6.111947459625997059e-01
6.351236508892357246e-01
6.173997956481237503e-01
6.722838875126748714e-01
6.459005065534763057e-01
6.558785175635652998e-01
6.475024735179059077e-01
6.251884004606074186e-01
6.344868480612663175e-01
6.575979850151495443e-01
6.687967555753628890e-01
6.539163823975533418e-01
6.271467617555414042e-01
6.971480699227715627e-01
6.098291041146840508e-01
6.372651902331086804e-01
6.382480821275730021e-01
6.904210233811997055e-01
6.661659461799778192e-01
6.173022634670584097e-01
6.076249176413056619e-01
6.094737254185378372e-01
6.196111112695668055e-01
6.787080306399360108e-01
6.712981798603347983e-01
6.842385771921165594e-01
6.863060241817106055e-01
6.194835342082679608e-01
6.164338911598787885e-01
6.872205462579865642e-01
6.993171451328014099e-01
6.860810344059243837e-01
6.127960024777330261e-01
6.151887584312772939e-01
6.834288067656313359e-01
6.066679249560050780e-01
6.861004653732187819e-01
6.030148862667914500e-01
6.807935107034931432e-01
6.194413238187451709e-01
6.165690468339145580e-01
6.854560587019533635e-01
6.472599316457778862e-01
6.642106175324393735e-01
6.303914943611352850e-01
6.360017481197880462e-01
6.430377474319598496e-01
6.160747514785744894e-01
6.453989680764873338e-01
6.194387607766719261e-01
6.045685048926122684e-01
6.745556682932131176e-01
6.185422083278689920e-01
6.267308272728379093e-01
6.098031490006736721e-01
6.810930283452243383e-01
6.363377731871717735e-01
6.430882664759565159e-01
6.794821437265664565e-01
6.912204567740590777e-01
6.363482655999528337e-01
6.395959390136198852e-01
6.447516815937762713e-01
6.573143313656649722e-01
6.048605110196724199e-01
6.914255137259440742e-01
6.713461452927752537e-01
6.719595965958278239e-01
6.113393254552185185e-01
6.612441672085711541e-01
6.365707053883215005e-01
6.272676076714474025e-01
6.419500389695174114e-01
6.550825523270678019e-01
6.547618502052782175e-01
6.728234456563113586e-01
6.723802824038688231e-01
6.372354874952564918e-01
6.394755220591518130e-01
6.811010216021228247e-01
6.619155123167695942e-01
6.571857611855991266e-01
6.396716791058266738e-01
6.943538480284003889e-01
6.784561881364566949e-01
6.459299510068113870e-01
6.711612602637414549e-01
6.429087921907465919e-01
6.866190928937409010e-01
6.705810320222490573e-01
6.886126679294239938e-01
6.435972163711182192e-01
6.054875430009140080e-01
6.900322059652514994e-01
6.710153651731444180e-01
6.003226343728361725e-01
6.630021252247541019e-01
6.514400143263975318e-01
6.243594252662704180e-01
6.729219958949202995e-01
6.780698670319867949e-01
6.440406678285829356e-01
6.850102473599519737e-01
6.499769775695741769e-01
6.543170309899704051e-01
6.144252890694168467e-01
6.651503354544434643e-01
6.812329060624457977e-01
6.608213550846484541e-01
6.697499609448814839e-01
6.778109067019646439e-01
6.279813150423368961e-01
6.938174669612287015e-01
6.739113368069976628e-01
6.299259119547998553e-01
6.847688959708946310e-01
6.103087514530900481e-01
6.645269375244621246e-01
6.047131775503983286e-01
6.276798440891664388e-01
6.483017302811552307e-01
6.251742040273499113e-01
6.724388298196403158e-01
6.064371674477461172e-01
6.827580899207555953e-01
6.711546329300849267e-01
6.795186236916210820e-01
6.196747416095630401e-01
6.329231009367901617e-01
6.269072659670081871e-01
6.091543944017931977e-01
6.162523244186319804e-01
6.221651631128941595e-01
6.188023397980108031e-01
6.468964712851595911e-01
6.892341972624961288e-01
6.870106653677149344e-01
6.264719730239234341e-01
6.017009569783750011e-01
6.580057387825767323e-01
6.855300556732317752e-01
6.265328752792062028e-01
6.950687579302019525e-01
6.232579646396328998e-01
6.399590702656473562e-01
6.509368110333031421e-01
6.091897613574037695e-01
6.866092300681275740e-01
6.360572012914890161e-01
6.389808191916889202e-01
6.427459227344116677e-01
6.915548954314892915e-01
6.013826976553209303e-01
6.454860553284622604e-01
6.660098484444560984e-01
6.879970424849410904e-01
6.793408759652550533e-01
6.656225408984711711e-01
6.060634453103079800e-01
6.295243068507248019e-01
6.872380910771922480e-01
6.214115779885082125e-01
6.585637791430529742e-01
6.827987057033614304e-01
6.823209522753892475e-01
6.494389303398042657e-01
6.282932511827288291e-01
6.268538058405939140e-01
6.936654810356148726e-01
6.819263665987173040e-01
6.919477404581870772e-01
6.854480124008824893e-01
6.506701085268189466e-01
6.797587930090100983e-01
6.303165747401907604e-01
6.123632211839162842e-01
6.669754851212806868e-01
6.015798270852251717e-01
6.374701665028513764e-01
6.902050480478973959e-01
6.859285018111150878e-01
6.629709726105482703e-01
6.762006497220075518e-01
6.725568735129732190e-01
6.855260523515310789e-01
6.653477102673982513e-01
6.645055648177710106e-01
6.379730341466097743e-01
6.021319200587805787e-01
6.415750550487082648e-01
6.622233383885715030e-01
6.902023661412087785e-01
6.243435091229556644e-01
6.244593795200285014e-01
6.696587899602889360e-01
6.913553742838322025e-01
6.553458846739046439e-01
6.539808773883303283e-01
6.735103846792680482e-01
6.034723125586454184e-01
6.308616701418697792e-01
6.063892515356020807e-01
6.727382023367410868e-01
6.269468528004520369e-01
6.973063819345263203e-01
6.537014612458302842e-01
6.355574901993622516e-01
6.427862161011601572e-01
6.396656578530591775e-01
6.157139981945163321e-01
6.517023018086355313e-01
6.795531473061922068e-01
6.176972502147565214e-01
6.215940269406952101e-01
6.782861512845979046e-01
6.017662559905910813e-01
6.308613865469286930e-01
6.436286717711127148e-01
6.430080001848463844e-01
6.799319384207349604e-01
6.939875329204553411e-01
6.719227908862638321e-01
6.533490796093263109e-01
6.040177016714709524e-01
6.152413354526223843e-01
6.038239691945040954e-01
6.855370440261080445e-01
6.058657151268997954e-01
6.906770828504444903e-01
6.097433131628618996e-01
6.807994921790698761e-01
6.121275386351748837e-01
6.733449444617385371e-01
6.003275730140572586e-01
6.498606103373353315e-01
6.695078294433688404e-01
6.770992777544082575e-01
6.825537412400587423e-01
6.081003845886425729e-01
6.337378501394432817e-01
6.446016446256274124e-01
6.360270671103824824e-01
6.817494892908805282e-01
6.206411319587262776e-01
6.004269676760995988e-01
6.794900253410942614e-01
6.620016476076528988e-01
6.915031566132712193e-01
6.997938115818944649e-01
6.894978226684316258e-01
6.299498037828087371e-01
6.849451090926110819e-01
6.730684163185423063e-01
6.758217637703697322e-01
6.597381810757370069e-01
6.730753321625547736e-01
6.409078254653927109e-01
6.737220551392418821e-01
6.398789461548268775e-01
6.282579728990490553e-01
6.163169862463567794e-01
6.869254161516512580e-01
6.379784546195321759e-01
6.643037077171657367e-01
6.588550185135425563e-01
6.889620175142460168e-01
6.744355154364478633e-01
6.892541312954784116e-01
6.682427544885665149e-01
6.001404350254226916e-01
6.569128690369093748e-01
6.887901319379268195e-01
6.296009511855382712e-01
6.551395663124504054e-01
6.987236414345630031e-01
6.156976016768359594e-01
6.453126541348684908e-01
6.388989013101368242e-01
6.774947223361763582e-01
6.383212971365028743e-01
6.164506049347037164e-01
6.476560213872569749e-01
6.046809365068502862e-01
6.688905608971271732e-01
6.718576814404619846e-01
6.968869105665257413e-01
6.852038777481813669e-01
6.979932834094340066e-01
6.605339586753130598e-01
6.769151077438789743e-01
6.122007571070426923e-01
6.601888306788448180e-01
6.788612944098566526e-01
6.700441716087284227e-01
6.039592670811367858e-01
6.664718298169842736e-01
6.179118661656501921e-01
6.320944862434412226e-01
6.523517578974272757e-01
6.998087842342104459e-01
6.434478687090617877e-01
6.843766538366025109e-01
6.121363476345276222e-01
6.792811228621007391e-01
6.217497638230110590e-01
6.304534630322843336e-01
6.093026523492446334e-01
6.558765838369879919e-01
6.423410319863528395e-01
6.185903680333492138e-01
6.242334057489399290e-01
6.730000026319107320e-01
6.686843309079331110e-01
6.546875338225373042e-01
6.412889111272971343e-01
6.113459468641528893e-01
6.067277300915119298e-01
6.441387835387210048e-01
6.950445483128608881e-01
6.439947423884574418e-01
6.001358647286131331e-01
6.361496085678681744e-01
6.574103260307279095e-01
6.465121426668173354e-01
6.854824087188943205e-01
6.869698200932157217e-01
6.259547925353664555e-01
6.148955005352052527e-01
6.094340478594990618e-01
6.719876058536299324e-01
6.275146178896698901e-01
6.585033760176186579e-01
6.688333878562247037e-01
6.045717752702640668e-01
6.087298277754656928e-01
6.838767753896707324e-01
6.936443385211080725e-01
6.019292264922234681e-01
6.811624481798927988e-01
6.021068385150917246e-01
6.310709746771493434e-01
6.349548121150389024e-01
6.451629332559083441e-01
