1.875237939173578638e+02
1.224599862980540905e+02
1.176699526164893115e+02
1.170293473293567956e+02
1.167074958727403668e+02
1.166262217041559666e+02
1.166005594744231644e+02
1.165941970282239595e+02
1.165930955346438083e+02
1.165925985714602433e+02
1.165924631790086465e+02
1.165924237927734737e+02
1.165924143781518012e+02
1.165924099999310357e+02
1.165924089711247973e+02
1.165924085054815720e+02
1.165924083719213087e+02
1.165924083438380592e+02
1.165924083394585153e+02
1.165924083375992950e+02
1.165924083371861286e+02
