1.460055523454450110e+02
1.455110930017193311e+02
1.449993117005803924e+02
1.445225888058432986e+02
1.439831304972106238e+02
1.434512601120664215e+02
1.429705487772839376e+02
1.425202544404005494e+02
1.420430249838087491e+02
1.415679389663538927e+02
1.410915907918761718e+02
1.406063447943214157e+02
1.401196832086335178e+02
1.395951616945474427e+02
1.390768050372010691e+02
1.386357724874078201e+02
1.380797449740053082e+02
1.375957370157238699e+02
1.371113457069533297e+02
1.365813619805520318e+02
1.361785561769364961e+02
