1.875237939173578638e+02
1.321385997930320571e+02
1.264474471639498177e+02
1.216381882164251351e+02
1.208233401050660234e+02
1.197250034043340037e+02
1.182083337984031033e+02
1.178851487061334780e+02
1.175559867285556521e+02
1.171555952829761083e+02
1.168815423837348817e+02
1.168158112878339381e+02
1.167230682468890848e+02
1.166760306793487985e+02
1.166593062108900085e+02
1.166387596209639526e+02
1.166161401944163885e+02
1.166113938229440805e+02
1.166027110335223398e+02
1.165991017074865965e+02
1.165966920941312139e+02
