1.460055523454450110e+02
1.460055523454450110e+02
1.460055523454450110e+02
1.460055523454450110e+02
1.460055523454450110e+02
1.417765648888573367e+02
1.417765648888573367e+02
1.417765648888573367e+02
1.417765648888573367e+02
1.417765648888573367e+02
1.417765648888573367e+02
1.417765648888573367e+02
1.410123764253650052e+02
1.345335729563824430e+02
1.345335729563824430e+02
1.345335729563824430e+02
1.345335729563824430e+02
1.345335729563824430e+02
1.345335729563824430e+02
1.345335729563824430e+02
1.345335729563824430e+02
