1.460055523454450110e+02
1.460055523454450110e+02
1.372723374352716519e+02
1.372723374352716519e+02
1.372723374352716519e+02
1.336015023003882050e+02
1.302779357354708054e+02
1.302779357354708054e+02
1.302779357354708054e+02
1.302779357354708054e+02
1.302779357354708054e+02
1.276713372981710677e+02
1.276713372981710677e+02
1.276713372981710677e+02
1.276713372981710677e+02
1.276713372981710677e+02
1.276713372981710677e+02
1.276713372981710677e+02
1.276713372981710677e+02
1.276713372981710677e+02
1.276713372981710677e+02
