1.599506412886434248e+02
1.594246997049278036e+02
1.609795846494795057e+02
1.596432472644538052e+02
1.580031597438576227e+02
1.589865582468696630e+02
1.615789394741176750e+02
1.593279400528428482e+02
1.565957341776153555e+02
1.592225360660229114e+02
1.557037941767671612e+02
1.559487367214463802e+02
1.553697541960325452e+02
1.546393847586117829e+02
1.525583347510235797e+02
1.518674964885795191e+02
1.512118419387171571e+02
1.503068335125434487e+02
1.489523085160294329e+02
1.476714231074399777e+02
1.483865221734123452e+02
