1.460055523454450110e+02
1.386304420486621893e+02
1.386304420486621893e+02
1.386304420486621893e+02
1.386304420486621893e+02
1.386304420486621893e+02
1.342053758705924622e+02
1.342053758705924622e+02
1.342053758705924622e+02
1.342053758705924622e+02
1.342053758705924622e+02
1.342053758705924622e+02
1.342053758705924622e+02
1.342053758705924622e+02
1.342053758705924622e+02
1.342053758705924622e+02
1.342053758705924622e+02
1.342053758705924622e+02
1.342053758705924622e+02
1.342053758705924622e+02
1.342053758705924622e+02
