1.460055523454450110e+02
1.244660588338151967e+02
1.242080013010335620e+02
1.239100038019041108e+02
1.239018543514174553e+02
1.239002619567855703e+02
1.239002445846793279e+02
1.239002444071421394e+02
1.239002444006982842e+02
1.239002444006784600e+02
1.239002444006779342e+02
1.239002444006779342e+02
1.239002444006779342e+02
1.239002444006779342e+02
1.239002444006779342e+02
1.239002444006779342e+02
1.239002444006779342e+02
1.239002444006779342e+02
1.239002444006779342e+02
1.239002444006779342e+02
1.239002444006779342e+02
