1.599506412886434248e+02
1.381436334798357279e+02
1.228089775840244471e+02
1.228089775840244471e+02
1.215268930323266829e+02
1.215268930323266829e+02
1.200456805063099210e+02
1.200456805063099210e+02
1.196472288710825467e+02
1.196472288710825467e+02
1.186754053327629492e+02
1.181786995088048542e+02
1.179669459733279808e+02
1.179669459733279808e+02
1.179669459733279808e+02
1.177763677913987834e+02
1.175987913509569438e+02
1.173066421835419675e+02
1.171820943805913799e+02
1.170502994539869377e+02
1.170502994539869377e+02
