3.092158294056820411e-01
6.095866729717420718e-01
4.956694271554298870e-01
3.760743854751071868e-01
6.953380024587951791e-01
6.838524561776233579e-01
3.168668416229734608e-01
2.069014921280120101e-01
4.337488701683026582e-01
3.898814944141284489e-01
6.645707030073182420e-01
3.606006551432742180e-01
5.272752453586726507e-01
5.416644352048918254e-01
3.161652362003175565e-01
4.064395504065937414e-01
4.341608403994747789e-01
3.113281306770059875e-01
5.780273945295286708e-01
4.206056197474520308e-01
5.140304513608249248e-01
3.821667952502769694e-01
3.831726987850072597e-01
3.694410423673473165e-01
3.760851632799456778e-01
6.496788662246866242e-01
4.905970858289908643e-01
6.791462623038112545e-01
4.518633351754225980e-01
2.526670343604558444e-01
2.236370256235841736e-01
4.150456855655472177e-01
5.895890252482685057e-01
5.545914650988017502e-01
2.572774134564220216e-01
