6.562996383059500616e-01
6.152777456334148631e-01
6.863856876381209116e-01
6.498401069883040782e-01
6.877526751391269677e-01
6.886205657657039625e-01
6.060793650336289140e-01
6.476740212638756322e-01
6.156687216631214765e-01
6.467179396811518766e-01
6.547280689831024292e-01
6.980448530528027273e-01
6.105705525022023794e-01
6.417390248340092418e-01
6.994065765578078020e-01
6.628756694796029691e-01
6.622444620858782827e-01
6.723423276139278704e-01
6.750890633132800023e-01
6.585719905894290571e-01
6.868712570943086293e-01
6.239995030215610416e-01
6.254554248088217694e-01
6.024238126816330308e-01
6.663199993019214284e-01
6.748369042145676566e-01
6.828456803349971516e-01
6.529370566486975003e-01
6.145621820932644086e-01
6.463445072104121447e-01
6.595919158980176888e-01
6.523012985036524825e-01
6.586102976756177396e-01
6.526663629571519687e-01
6.076550512364653489e-01
