1.000000000000000000e+00 2.000000000000000000e+00 5.612359165327169830e-01
1.000000000000000000e+00 3.000000000000000000e+00 7.681202974038643383e-01
2.000000000000000000e+00 3.000000000000000000e+00 7.986853157621844890e-01
1.000000000000000000e+00 4.000000000000000000e+00 7.478304444709599208e-01
2.000000000000000000e+00 4.000000000000000000e+00 5.767451770694284052e-01
3.000000000000000000e+00 4.000000000000000000e+00 6.913650555918524621e-01
1.000000000000000000e+00 5.000000000000000000e+00 7.803887261525435104e-01
1.000000000000000000e+00 6.000000000000000000e+00 5.630210546655021187e-01
1.000000000000000000e+00 7.000000000000000000e+00 6.226882679007804677e-01
5.000000000000000000e+00 7.000000000000000000e+00 5.733261284223020171e-01
6.000000000000000000e+00 7.000000000000000000e+00 7.326625343466913742e-01
1.000000000000000000e+00 8.000000000000000000e+00 7.996347577859501676e-01
2.000000000000000000e+00 8.000000000000000000e+00 7.827159334976632188e-01
3.000000000000000000e+00 8.000000000000000000e+00 6.396215107470544226e-01
4.000000000000000000e+00 8.000000000000000000e+00 5.464305714834248873e-01
1.000000000000000000e+00 9.000000000000000000e+00 7.109363769368508557e-01
3.000000000000000000e+00 9.000000000000000000e+00 7.425907474187807278e-01
3.000000000000000000e+00 1.000000000000000000e+01 7.413465112260995138e-01
1.000000000000000000e+00 1.100000000000000000e+01 5.756106521443631330e-01
5.000000000000000000e+00 1.100000000000000000e+01 5.188951930277634350e-01
6.000000000000000000e+00 1.100000000000000000e+01 6.260077496902579641e-01
1.000000000000000000e+00 1.200000000000000000e+01 6.053399813749913427e-01
1.000000000000000000e+00 1.300000000000000000e+01 5.451594879594396925e-01
4.000000000000000000e+00 1.300000000000000000e+01 7.013092016673667661e-01
1.000000000000000000e+00 1.400000000000000000e+01 5.360492401240759541e-01
2.000000000000000000e+00 1.400000000000000000e+01 5.553401219635516473e-01
3.000000000000000000e+00 1.400000000000000000e+01 5.848422086281928056e-01
4.000000000000000000e+00 1.400000000000000000e+01 6.655879030389597606e-01
6.000000000000000000e+00 1.700000000000000000e+01 7.732504489752122234e-01
7.000000000000000000e+00 1.700000000000000000e+01 6.297196537934111049e-01
1.000000000000000000e+00 1.800000000000000000e+01 6.493469277132024597e-01
2.000000000000000000e+00 1.800000000000000000e+01 5.952565161682196182e-01
1.000000000000000000e+00 2.000000000000000000e+01 6.524230889750489704e-01
2.000000000000000000e+00 2.000000000000000000e+01 5.220089483118284246e-01
1.000000000000000000e+00 2.200000000000000000e+01 5.942141649329782949e-01
2.000000000000000000e+00 2.200000000000000000e+01 5.347875381744622292e-01
2.400000000000000000e+01 2.600000000000000000e+01 5.393915481358890762e-01
2.500000000000000000e+01 2.600000000000000000e+01 7.186603807105322872e-01
3.000000000000000000e+00 2.800000000000000000e+01 5.224501040919297123e-01
2.400000000000000000e+01 2.800000000000000000e+01 6.654550160201726516e-01
2.500000000000000000e+01 2.800000000000000000e+01 7.804189884994318094e-01
3.000000000000000000e+00 2.900000000000000000e+01 7.972649095046882017e-01
2.400000000000000000e+01 3.000000000000000000e+01 7.240703407829048865e-01
2.700000000000000000e+01 3.000000000000000000e+01 6.387797423251815321e-01
2.000000000000000000e+00 3.100000000000000000e+01 6.266361111514567872e-01
9.000000000000000000e+00 3.100000000000000000e+01 7.880446177703304134e-01
1.000000000000000000e+00 3.200000000000000000e+01 5.084753079388202313e-01
2.500000000000000000e+01 3.200000000000000000e+01 6.570133794130008642e-01
2.600000000000000000e+01 3.200000000000000000e+01 6.298474476037985159e-01
2.900000000000000000e+01 3.200000000000000000e+01 5.672258593418624262e-01
3.000000000000000000e+00 3.300000000000000000e+01 6.551853199506616487e-01
9.000000000000000000e+00 3.300000000000000000e+01 6.693820587461670746e-01
1.500000000000000000e+01 3.300000000000000000e+01 6.281154136126279042e-01
1.600000000000000000e+01 3.300000000000000000e+01 6.054858602214974184e-01
1.900000000000000000e+01 3.300000000000000000e+01 7.822783580219309085e-01
2.100000000000000000e+01 3.300000000000000000e+01 6.447349512869113841e-01
2.300000000000000000e+01 3.300000000000000000e+01 5.363646252602191078e-01
2.400000000000000000e+01 3.300000000000000000e+01 7.510872884255025417e-01
3.000000000000000000e+01 3.300000000000000000e+01 7.795519158054120545e-01
3.100000000000000000e+01 3.300000000000000000e+01 7.172399001393070517e-01
3.200000000000000000e+01 3.300000000000000000e+01 7.012801395423564621e-01
9.000000000000000000e+00 3.400000000000000000e+01 7.998347984567621971e-01
1.000000000000000000e+01 3.400000000000000000e+01 7.573861660166424370e-01
1.400000000000000000e+01 3.400000000000000000e+01 7.235979692205303238e-01
1.500000000000000000e+01 3.400000000000000000e+01 5.589371900123900616e-01
1.600000000000000000e+01 3.400000000000000000e+01 7.989529035582484395e-01
1.900000000000000000e+01 3.400000000000000000e+01 6.639627269354970718e-01
2.000000000000000000e+01 3.400000000000000000e+01 6.406631796477293417e-01
2.100000000000000000e+01 3.400000000000000000e+01 6.501236766368839737e-01
2.300000000000000000e+01 3.400000000000000000e+01 5.298935473006897157e-01
2.400000000000000000e+01 3.400000000000000000e+01 7.519285689340999834e-01
2.700000000000000000e+01 3.400000000000000000e+01 7.630666255759789296e-01
2.800000000000000000e+01 3.400000000000000000e+01 6.517289738743146099e-01
2.900000000000000000e+01 3.400000000000000000e+01 7.489592020753588208e-01
3.000000000000000000e+01 3.400000000000000000e+01 7.735906784466950459e-01
3.100000000000000000e+01 3.400000000000000000e+01 5.161273381896164247e-01
3.200000000000000000e+01 3.400000000000000000e+01 5.176015831302465120e-01
3.300000000000000000e+01 3.400000000000000000e+01 6.417824545484169807e-01
