4.134546251798001393e-01
5.878644315112652174e-01
6.462490598023094002e-01
1.495663541566554233e-01
3.100660187152850522e-01
2.733334038754859918e-01
4.989075126194233434e-01
6.948147880504296214e-01
8.635115324200106635e-01
5.008665487870694877e-01
8.466075525061399487e-01
2.738090224597885536e-01
2.121991936819656033e-02
3.187906106163825859e-01
8.249615287627592997e-01
7.368031500652522103e-01
4.658771579629479298e-01
7.902811015834013686e-01
3.949975811439006002e-01
5.113320716497919971e-01
7.694651855092027315e-01
8.684323955367940773e-01
2.573719008705357414e-01
4.201432750244027403e-01
1.003984622359396228e-01
1.188511955322868463e-01
6.007409102996923433e-01
7.465981590318043759e-01
5.274492523442393388e-01
1.051342375294745946e-01
2.487297850471509308e-01
9.685276122032004942e-01
9.722941418436026328e-02
1.455754176826946633e-01
7.156618796071918531e-01
