1.000000000000000000e+00 2.000000000000000000e+00 5.416062221128689069e-01
1.000000000000000000e+00 3.000000000000000000e+00 6.855647159390355627e-01
2.000000000000000000e+00 3.000000000000000000e+00 7.061790155509765077e-01
1.000000000000000000e+00 4.000000000000000000e+00 6.743970886148515920e-01
3.000000000000000000e+00 4.000000000000000000e+00 5.512069921241017356e-01
1.000000000000000000e+00 5.000000000000000000e+00 7.690336155338217683e-01
2.000000000000000000e+00 5.000000000000000000e+00 7.528042535710142147e-01
1.000000000000000000e+00 6.000000000000000000e+00 6.972533300551515545e-01
2.000000000000000000e+00 6.000000000000000000e+00 6.675349659692714210e-01
3.000000000000000000e+00 6.000000000000000000e+00 6.014224224479937098e-01
3.000000000000000000e+00 7.000000000000000000e+00 6.467361717636559426e-01
5.000000000000000000e+00 7.000000000000000000e+00 7.673859350809459912e-01
6.000000000000000000e+00 7.000000000000000000e+00 6.449388000870848181e-01
3.000000000000000000e+00 8.000000000000000000e+00 6.757616307559083380e-01
4.000000000000000000e+00 8.000000000000000000e+00 5.483727128437425602e-01
6.000000000000000000e+00 8.000000000000000000e+00 5.296034772004359903e-01
7.000000000000000000e+00 8.000000000000000000e+00 7.687179470505672851e-01
2.000000000000000000e+00 9.000000000000000000e+00 7.542832411129183345e-01
5.000000000000000000e+00 9.000000000000000000e+00 5.556285024483892387e-01
6.000000000000000000e+00 9.000000000000000000e+00 5.974927435682751975e-01
2.000000000000000000e+00 1.000000000000000000e+01 5.776573376394265047e-01
9.000000000000000000e+00 1.000000000000000000e+01 6.731028121182187629e-01
6.000000000000000000e+00 1.100000000000000000e+01 5.415194347196641278e-01
7.000000000000000000e+00 1.100000000000000000e+01 5.258266116920170541e-01
8.000000000000000000e+00 1.100000000000000000e+01 6.826153277176965073e-01
9.000000000000000000e+00 1.100000000000000000e+01 7.560631862944680037e-01
1.000000000000000000e+01 1.100000000000000000e+01 7.296288181121132199e-01
1.000000000000000000e+00 1.200000000000000000e+01 6.765950941885807701e-01
6.000000000000000000e+00 1.200000000000000000e+01 6.926910209527001872e-01
7.000000000000000000e+00 1.200000000000000000e+01 5.982471601628277513e-01
8.000000000000000000e+00 1.200000000000000000e+01 7.426601542290350855e-01
1.100000000000000000e+01 1.200000000000000000e+01 5.246607485123886416e-01
6.000000000000000000e+00 1.300000000000000000e+01 7.988574823020779814e-01
7.000000000000000000e+00 1.300000000000000000e+01 7.707512337595989749e-01
9.000000000000000000e+00 1.300000000000000000e+01 7.241176981431308723e-01
1.000000000000000000e+01 1.300000000000000000e+01 5.148925722631988444e-01
1.100000000000000000e+01 1.300000000000000000e+01 5.008851750099673206e-01
5.000000000000000000e+00 1.400000000000000000e+01 6.397167913783017301e-01
8.000000000000000000e+00 1.400000000000000000e+01 5.035028198985046499e-01
1.200000000000000000e+01 1.400000000000000000e+01 5.567417422025040530e-01
1.300000000000000000e+01 1.400000000000000000e+01 5.028637724488866922e-01
1.000000000000000000e+00 1.500000000000000000e+01 6.398772871878403157e-01
2.000000000000000000e+00 1.500000000000000000e+01 5.670973133059983295e-01
5.000000000000000000e+00 1.500000000000000000e+01 5.077479486420846122e-01
9.000000000000000000e+00 1.500000000000000000e+01 5.672086923400404546e-01
1.000000000000000000e+01 1.500000000000000000e+01 6.151668071338777244e-01
1.100000000000000000e+01 1.500000000000000000e+01 7.976794244194221895e-01
1.200000000000000000e+01 1.500000000000000000e+01 7.492568256046903130e-01
1.300000000000000000e+01 1.500000000000000000e+01 7.577131440196550605e-01
1.000000000000000000e+00 1.600000000000000000e+01 5.663324284891091409e-01
2.000000000000000000e+00 1.600000000000000000e+01 7.889203808101317161e-01
5.000000000000000000e+00 1.600000000000000000e+01 5.570114600297790819e-01
6.000000000000000000e+00 1.600000000000000000e+01 5.418919466222922310e-01
1.100000000000000000e+01 1.600000000000000000e+01 5.152713310577484718e-01
1.200000000000000000e+01 1.600000000000000000e+01 6.006381975215487889e-01
1.300000000000000000e+01 1.600000000000000000e+01 6.649195460019745596e-01
1.400000000000000000e+01 1.600000000000000000e+01 6.550467328101635678e-01
1.500000000000000000e+01 1.600000000000000000e+01 7.189616459132794901e-01
