9.000000000000000000e+00 4.000000000000000000e+00 6.419083749456219179e-01
1.000000000000000000e+01 6.000000000000000000e+00 7.425434769380172551e-01
1.000000000000000000e+01 7.000000000000000000e+00 7.993810509316912061e-01
1.100000000000000000e+01 1.000000000000000000e+00 5.663424317714186307e-01
1.100000000000000000e+01 3.000000000000000000e+00 6.536610531862321327e-01
1.400000000000000000e+01 6.000000000000000000e+00 5.119780773996605028e-01
1.400000000000000000e+01 7.000000000000000000e+00 5.367541344827021499e-01
1.400000000000000000e+01 1.000000000000000000e+01 6.400732717857452458e-01
1.500000000000000000e+01 1.000000000000000000e+00 7.122607820365780551e-01
1.500000000000000000e+01 4.000000000000000000e+00 6.943088250465443423e-01
1.600000000000000000e+01 1.000000000000000000e+00 6.268297814626545561e-01
1.700000000000000000e+01 1.500000000000000000e+01 6.843796986550065853e-01
1.800000000000000000e+01 2.000000000000000000e+00 6.910237666968672698e-01
1.800000000000000000e+01 7.000000000000000000e+00 6.683220921090393674e-01
1.800000000000000000e+01 1.000000000000000000e+01 5.654698663996120533e-01
1.800000000000000000e+01 1.400000000000000000e+01 7.536809351115534295e-01
1.900000000000000000e+01 1.600000000000000000e+01 7.620967107986190703e-01
2.000000000000000000e+01 2.000000000000000000e+00 6.799834482973821093e-01
2.000000000000000000e+01 8.000000000000000000e+00 7.258286643365957636e-01
2.100000000000000000e+01 9.000000000000000000e+00 7.332029718529442519e-01
2.100000000000000000e+01 1.700000000000000000e+01 6.204535816734098042e-01
2.100000000000000000e+01 1.900000000000000000e+01 6.927763150261841973e-01
2.200000000000000000e+01 1.900000000000000000e+01 5.470379533605373990e-01
2.300000000000000000e+01 1.800000000000000000e+01 5.149669945945090088e-01
2.500000000000000000e+01 1.500000000000000000e+01 5.971913948167392183e-01
2.500000000000000000e+01 1.600000000000000000e+01 6.565354078769306545e-01
2.500000000000000000e+01 1.900000000000000000e+01 7.511573421625274971e-01
2.600000000000000000e+01 1.800000000000000000e+01 5.729948848092617508e-01
2.700000000000000000e+01 2.000000000000000000e+00 5.929865703050531955e-01
2.700000000000000000e+01 2.600000000000000000e+01 7.495702911605296448e-01
2.800000000000000000e+01 2.000000000000000000e+00 7.753223664865336318e-01
2.800000000000000000e+01 8.000000000000000000e+00 6.590475010317466964e-01
2.800000000000000000e+01 1.800000000000000000e+01 6.136330546766773919e-01
2.800000000000000000e+01 2.600000000000000000e+01 5.593423442784750677e-01
2.800000000000000000e+01 2.700000000000000000e+01 7.124106516831105740e-01
2.900000000000000000e+01 2.000000000000000000e+00 6.501488855542298939e-01
2.900000000000000000e+01 9.000000000000000000e+00 7.336768141618181804e-01
2.900000000000000000e+01 2.100000000000000000e+01 6.828332505753749171e-01
3.000000000000000000e+01 1.100000000000000000e+01 7.681452928732961372e-01
3.000000000000000000e+01 1.900000000000000000e+01 7.317948484964843514e-01
3.000000000000000000e+01 2.200000000000000000e+01 5.456226717212180333e-01
3.000000000000000000e+01 2.500000000000000000e+01 6.825859350670819836e-01
3.100000000000000000e+01 8.000000000000000000e+00 5.631099145937192851e-01
3.100000000000000000e+01 2.000000000000000000e+01 6.494634824988121391e-01
3.100000000000000000e+01 2.900000000000000000e+01 6.611536961814588054e-01
3.200000000000000000e+01 1.800000000000000000e+01 7.373357375735529740e-01
3.300000000000000000e+01 1.000000000000000000e+01 7.084997133277015635e-01
3.300000000000000000e+01 1.400000000000000000e+01 6.465074199696607682e-01
3.400000000000000000e+01 1.300000000000000000e+01 6.657473690158937085e-01
3.400000000000000000e+01 1.500000000000000000e+01 5.245167255954380492e-01
3.400000000000000000e+01 1.700000000000000000e+01 6.872778519190827495e-01
3.400000000000000000e+01 2.200000000000000000e+01 5.558464084254371995e-01
3.500000000000000000e+01 1.500000000000000000e+01 6.175818361853102623e-01
3.500000000000000000e+01 3.400000000000000000e+01 5.050768705478687615e-01
3.600000000000000000e+01 3.000000000000000000e+01 5.548813170711608400e-01
3.700000000000000000e+01 2.000000000000000000e+00 5.117376610934846193e-01
3.700000000000000000e+01 2.100000000000000000e+01 6.161254189199203424e-01
3.700000000000000000e+01 2.400000000000000000e+01 5.276310853093625353e-01
3.800000000000000000e+01 9.000000000000000000e+00 5.455131682450928832e-01
3.800000000000000000e+01 1.500000000000000000e+01 7.086614884698427819e-01
3.800000000000000000e+01 1.700000000000000000e+01 5.022286760251113424e-01
3.800000000000000000e+01 2.200000000000000000e+01 5.969342011404626946e-01
3.800000000000000000e+01 3.400000000000000000e+01 6.675030393823200292e-01
3.800000000000000000e+01 3.500000000000000000e+01 6.017711860195263940e-01
3.800000000000000000e+01 3.700000000000000000e+01 7.650665669679406200e-01
3.900000000000000000e+01 1.500000000000000000e+01 7.870457950814262471e-01
3.900000000000000000e+01 1.700000000000000000e+01 7.988752219199306559e-01
3.900000000000000000e+01 2.100000000000000000e+01 6.372882588533407278e-01
3.900000000000000000e+01 3.400000000000000000e+01 5.739500896196443325e-01
4.000000000000000000e+01 3.700000000000000000e+01 7.928863568843287357e-01
4.100000000000000000e+01 1.000000000000000000e+00 6.987947001238040690e-01
4.100000000000000000e+01 8.000000000000000000e+00 5.735365103210804394e-01
4.100000000000000000e+01 1.500000000000000000e+01 5.097963150669492238e-01
4.100000000000000000e+01 1.600000000000000000e+01 5.728087655964524405e-01
4.100000000000000000e+01 3.400000000000000000e+01 6.679742907457688617e-01
4.100000000000000000e+01 3.700000000000000000e+01 6.749409522749839629e-01
4.100000000000000000e+01 3.800000000000000000e+01 5.356123860846350171e-01
4.200000000000000000e+01 2.000000000000000000e+00 6.680936182051836481e-01
4.200000000000000000e+01 1.000000000000000000e+01 5.417750453719897274e-01
4.200000000000000000e+01 1.400000000000000000e+01 7.972802871335407104e-01
4.300000000000000000e+01 1.000000000000000000e+00 7.968902709732708090e-01
4.300000000000000000e+01 3.000000000000000000e+00 5.070836459011462960e-01
4.300000000000000000e+01 1.100000000000000000e+01 7.366670036620449613e-01
4.300000000000000000e+01 3.100000000000000000e+01 6.663618086150405739e-01
4.400000000000000000e+01 1.500000000000000000e+01 5.268120893892193068e-01
4.400000000000000000e+01 3.000000000000000000e+01 6.994252227960224833e-01
4.400000000000000000e+01 3.400000000000000000e+01 5.808416331083685602e-01
4.400000000000000000e+01 3.800000000000000000e+01 5.677124975474946433e-01
4.400000000000000000e+01 3.900000000000000000e+01 6.895914420932065525e-01
4.500000000000000000e+01 3.000000000000000000e+00 5.605093207975719860e-01
4.500000000000000000e+01 2.100000000000000000e+01 5.522229055746710191e-01
4.500000000000000000e+01 3.500000000000000000e+01 5.791509185550558492e-01
4.500000000000000000e+01 3.900000000000000000e+01 6.898556612106375718e-01
4.600000000000000000e+01 9.000000000000000000e+00 6.477604987406797576e-01
4.600000000000000000e+01 1.600000000000000000e+01 6.790374588368734976e-01
4.600000000000000000e+01 1.900000000000000000e+01 5.732017161548754736e-01
4.600000000000000000e+01 2.200000000000000000e+01 5.716939317698697121e-01
4.600000000000000000e+01 2.400000000000000000e+01 6.860935963169495500e-01
4.600000000000000000e+01 2.500000000000000000e+01 6.624515746396434368e-01
4.600000000000000000e+01 3.000000000000000000e+01 7.822937988076544835e-01
4.600000000000000000e+01 3.800000000000000000e+01 5.938519662129326804e-01
4.700000000000000000e+01 4.400000000000000000e+01 7.580004106152886667e-01
4.800000000000000000e+01 1.000000000000000000e+00 7.050443019748235951e-01
4.800000000000000000e+01 1.100000000000000000e+01 5.357955268595482323e-01
4.800000000000000000e+01 2.100000000000000000e+01 5.076401009913739104e-01
4.800000000000000000e+01 2.900000000000000000e+01 7.000223406683712124e-01
4.800000000000000000e+01 3.100000000000000000e+01 6.059260607133621912e-01
4.800000000000000000e+01 4.300000000000000000e+01 5.704315728850575251e-01
5.000000000000000000e+01 3.500000000000000000e+01 6.205462094309542875e-01
5.000000000000000000e+01 4.700000000000000000e+01 6.275191418941046262e-01
5.100000000000000000e+01 1.500000000000000000e+01 7.419634202988609761e-01
5.100000000000000000e+01 1.700000000000000000e+01 5.283969475452847675e-01
5.100000000000000000e+01 2.100000000000000000e+01 5.373225475942426943e-01
5.100000000000000000e+01 3.400000000000000000e+01 5.210636415353515627e-01
5.100000000000000000e+01 4.300000000000000000e+01 7.977607818765534153e-01
5.100000000000000000e+01 4.600000000000000000e+01 7.111444044917756280e-01
5.200000000000000000e+01 5.000000000000000000e+00 7.033172554985267499e-01
5.200000000000000000e+01 1.200000000000000000e+01 5.784459123336362918e-01
5.200000000000000000e+01 1.900000000000000000e+01 5.225134163640964280e-01
5.200000000000000000e+01 2.200000000000000000e+01 5.004796410821876762e-01
5.200000000000000000e+01 2.400000000000000000e+01 6.847585612106759090e-01
5.200000000000000000e+01 2.500000000000000000e+01 5.028235816079679177e-01
5.200000000000000000e+01 3.000000000000000000e+01 7.450964963567994204e-01
5.200000000000000000e+01 4.600000000000000000e+01 6.810173743274841041e-01
5.200000000000000000e+01 5.100000000000000000e+01 5.152396729230565020e-01
5.300000000000000000e+01 1.500000000000000000e+01 5.651311938920805522e-01
5.300000000000000000e+01 3.000000000000000000e+01 5.492363060449136913e-01
5.300000000000000000e+01 3.900000000000000000e+01 6.332290005975156344e-01
5.300000000000000000e+01 4.100000000000000000e+01 5.128860906533661002e-01
5.400000000000000000e+01 4.400000000000000000e+01 5.768518732775343993e-01
5.500000000000000000e+01 2.000000000000000000e+00 6.728865463182690521e-01
5.500000000000000000e+01 7.000000000000000000e+00 6.211496180189316485e-01
5.500000000000000000e+01 8.000000000000000000e+00 5.229406535695767522e-01
5.500000000000000000e+01 1.400000000000000000e+01 7.438938976106693746e-01
5.500000000000000000e+01 2.000000000000000000e+01 6.377477202113360777e-01
5.500000000000000000e+01 4.200000000000000000e+01 6.229373580859984827e-01
5.600000000000000000e+01 1.600000000000000000e+01 6.898262181478760358e-01
5.600000000000000000e+01 5.200000000000000000e+01 7.029224647674203741e-01
5.700000000000000000e+01 6.000000000000000000e+00 5.041476013665973088e-01
5.700000000000000000e+01 7.000000000000000000e+00 5.427701249622083335e-01
5.800000000000000000e+01 6.000000000000000000e+00 5.305763181455165345e-01
5.800000000000000000e+01 7.000000000000000000e+00 6.695772287351567931e-01
5.800000000000000000e+01 1.000000000000000000e+01 6.945110387346168368e-01
5.800000000000000000e+01 1.400000000000000000e+01 5.205271784542561120e-01
5.800000000000000000e+01 1.800000000000000000e+01 6.618550692123675860e-01
5.800000000000000000e+01 4.000000000000000000e+01 5.714299917097118708e-01
5.800000000000000000e+01 4.200000000000000000e+01 6.717256763259147334e-01
5.800000000000000000e+01 4.900000000000000000e+01 7.344663550281870235e-01
5.800000000000000000e+01 5.500000000000000000e+01 7.528863581859686072e-01
5.900000000000000000e+01 3.900000000000000000e+01 5.046695306380524215e-01
6.000000000000000000e+01 4.000000000000000000e+00 7.452373749679418458e-01
6.000000000000000000e+01 9.000000000000000000e+00 7.457488225351145417e-01
6.000000000000000000e+01 1.600000000000000000e+01 7.312439880111251123e-01
6.000000000000000000e+01 3.700000000000000000e+01 5.272677880448153331e-01
6.000000000000000000e+01 4.600000000000000000e+01 5.153082009125053986e-01
6.100000000000000000e+01 3.300000000000000000e+01 6.146341322341670743e-01
6.200000000000000000e+01 3.000000000000000000e+00 6.915878322596735739e-01
6.200000000000000000e+01 3.800000000000000000e+01 6.334298161455311771e-01
6.200000000000000000e+01 5.400000000000000000e+01 7.466743381386926615e-01
