6.197940162018185095e-01
6.216081042875049034e-01
6.869922480270239662e-01
6.978937139198571060e-01
6.433791947684815993e-01
6.577127009564008864e-01
6.789609469552422283e-01
6.734775666259102955e-01
6.002627661820895133e-01
6.134653179255407096e-01
6.040088604515645443e-01
6.582527767374857230e-01
6.737211586359603821e-01
6.958095403541340040e-01
6.319976869057394309e-01
6.428881983292972224e-01
6.340027867697868302e-01
6.304498061216278204e-01
6.609561179384479956e-01
6.368910847091222571e-01
6.858985775208132907e-01
6.493311408920117156e-01
6.909501898809966569e-01
6.488682305138666617e-01
6.121675929874822453e-01
6.536031558248180939e-01
6.436631188509026602e-01
6.021507840585589300e-01
6.974641109352891499e-01
6.487977186221979276e-01
6.006054357000978339e-01
6.340829960561484846e-01
6.495772711831812041e-01
6.512348441245484620e-01
6.782623430545210441e-01
6.873470895931301783e-01
6.944224877993224743e-01
6.713191183699529496e-01
6.734723716385034864e-01
6.620014012820875093e-01
6.076391636494230530e-01
6.231781405726657397e-01
6.258015056797828768e-01
6.471450823802760155e-01
6.466886226339033650e-01
6.819736345499823882e-01
6.743413361843137999e-01
6.932487246791225743e-01
6.974392990867123165e-01
6.541159356525937385e-01
6.668666698503575851e-01
6.947551390393480464e-01
6.801101157019798782e-01
6.985649534731267485e-01
6.320315424637115154e-01
6.141963246776758201e-01
6.099836553604019995e-01
6.415349766553715138e-01
6.217880896241233524e-01
6.023721043061304181e-01
6.645884108383759425e-01
6.112923810019387227e-01
6.032850028630731831e-01
