3.661716950089460738e+02
2.818762554943492091e+02
2.818762554943492091e+02
2.818762554943492091e+02
2.818762554943492091e+02
2.818762554943492091e+02
2.818762554943492091e+02
2.818762554943492091e+02
2.818762554943492091e+02
2.818762554943492091e+02
2.818762554943492091e+02
2.818762554943492091e+02
2.818762554943492091e+02
2.818762554943492091e+02
2.818762554943492091e+02
2.818762554943492091e+02
2.818762554943492091e+02
2.818762554943492091e+02
2.818762554943492091e+02
2.818762554943492091e+02
2.818762554943492091e+02
