3.661716950089460738e+02
2.535760004563862537e+02
2.502280000142620224e+02
2.501233750004456624e+02
2.501201054687639385e+02
2.501200032958988970e+02
2.501200001029968689e+02
2.501200000032186495e+02
2.501200000001005890e+02
2.501200000000031878e+02
2.501200000000000614e+02
2.501200000000000045e+02
2.501200000000000045e+02
2.501200000000000045e+02
2.501200000000000045e+02
2.501200000000000045e+02
2.501200000000000045e+02
2.501200000000000045e+02
2.501200000000000045e+02
2.501200000000000045e+02
2.501200000000000045e+02
