3.661716950089460738e+02
3.636291192565158781e+02
3.675985318998938283e+02
3.670890896477920933e+02
3.657574639408807116e+02
3.654320857942275893e+02
3.596315613360984571e+02
3.566818871140676492e+02
3.528366527588912049e+02
3.519643526367111690e+02
3.550896312583507211e+02
3.541116128448375662e+02
3.550019809366046388e+02
3.522076030461936966e+02
3.415026908712019917e+02
3.396407892664387873e+02
3.377711159788524355e+02
3.341864448137130239e+02
3.375332761086270352e+02
3.448092425096923535e+02
3.374283839738258735e+02
