3.584134937945166826e+02
3.568960445942946649e+02
3.554068056888921774e+02
3.538271523681767121e+02
3.522882045486354059e+02
3.506845343061023641e+02
3.492301958302012963e+02
3.477022355927055060e+02
3.462242579247884464e+02
3.446676774225398958e+02
3.431030571027631595e+02
3.415598660355398692e+02
3.400187485842790238e+02
3.385057171146126507e+02
3.369458251234703425e+02
3.353392523811863271e+02
3.337168457062502398e+02
3.321404678534952382e+02
3.306164415229669089e+02
3.291534217312740225e+02
3.276388021713755734e+02
