3.355397600499530313e+02
2.869652634144215995e+02
2.868430684669845618e+02
2.868430684669845618e+02
2.867453125090349886e+02
2.867453125090349886e+02
2.866671077426752845e+02
2.866671077426752845e+02
2.866045439295876349e+02
2.866045439295876349e+02
2.866045439295876349e+02
2.866045439295876349e+02
2.865544928791174470e+02
2.865528901379261129e+02
2.864813936120779658e+02
2.864813936120779658e+02
2.864559591461686523e+02
2.864144614744020600e+02
2.864024269149688280e+02
2.863934838769277462e+02
2.863856448369895702e+02
