3.661716950089460738e+02
2.978334231796508220e+02
2.975567072574133363e+02
2.882998077330844353e+02
2.871341474455971934e+02
2.868868669686393673e+02
2.868448735973424846e+02
2.868365975403750667e+02
2.868360586395228893e+02
2.868360586395228893e+02
2.868360586395228893e+02
2.868360586395228893e+02
2.868360586395228893e+02
2.868360586395228893e+02
2.868360586395228893e+02
2.868360586395228893e+02
2.868360586395228893e+02
2.868360586395228893e+02
2.868360586395228893e+02
2.868360586395228893e+02
2.868360586395228893e+02
