3.661716950089460738e+02
2.667522663588567866e+02
2.667522480654334345e+02
2.667522480654334345e+02
2.667522480654334345e+02
2.667522480654334345e+02
2.667522480654334345e+02
2.667522480654334345e+02
2.667522480654334345e+02
2.667522480654334345e+02
2.667522480654334345e+02
2.667522480654334345e+02
2.667522480654334345e+02
2.667522480654334345e+02
2.667522480654334345e+02
2.667522480654334345e+02
2.667522480654334345e+02
2.667522480654334345e+02
2.667522480654334345e+02
2.667522480654334345e+02
2.667522480654334345e+02
