3.355397600499530313e+02
3.071616716402360225e+02
2.870416352565697480e+02
2.869729005986363859e+02
2.868553643335703782e+02
2.868553643335703782e+02
2.867601599588670069e+02
2.867195728307039531e+02
2.867195728307039531e+02
2.867195728307039531e+02
2.867195728307039531e+02
2.867195728307039531e+02
2.867195728307039531e+02
2.867195728307039531e+02
2.867195728307039531e+02
2.866830444153573580e+02
2.866501688415451099e+02
2.866501688415451099e+02
2.866205808251143026e+02
2.866205808251143026e+02
2.866205808251143026e+02
