3.661716950089460738e+02
2.601850836374267715e+02
2.504345338636695999e+02
2.501298291832396501e+02
2.501203071619762568e+02
2.501200095988117766e+02
2.501200002999628396e+02
2.501200000093738538e+02
2.501200000002929187e+02
2.501200000000091848e+02
2.501200000000002603e+02
2.501200000000000045e+02
2.501200000000000045e+02
2.501200000000000045e+02
2.501200000000000045e+02
2.501200000000000045e+02
2.501200000000000045e+02
2.501200000000000045e+02
2.501200000000000045e+02
2.501200000000000045e+02
2.501200000000000045e+02
