3.661716950089460738e+02
2.819896516715890016e+02
2.819896516715890016e+02
2.819896516715890016e+02
2.819896516715890016e+02
2.819896516715890016e+02
2.819896516715890016e+02
2.819857366828630347e+02
2.819857366828630347e+02
2.819857366828630347e+02
2.819857366828630347e+02
2.819857366828630347e+02
2.819857366828630347e+02
2.819857366828630347e+02
2.819857366828630347e+02
2.819857366828630347e+02
2.819857366828630347e+02
2.819857366828630347e+02
2.819857366828630347e+02
2.819857366828630347e+02
2.819857366828630347e+02
