3.355397600499530313e+02
2.927550418199415958e+02
2.881729746509739698e+02
2.872120406223451710e+02
2.866707947700860473e+02
2.864376621704489025e+02
2.863989099032781951e+02
2.863650737934787571e+02
2.863607397620977508e+02
2.863562485506917596e+02
2.863551794429355368e+02
2.863545877300505254e+02
2.863543730951199677e+02
2.863543225030285839e+02
2.863543025700826661e+02
2.863542957021180086e+02
2.863542906300301070e+02
2.863542895958144641e+02
2.863542890890274180e+02
2.863542888456116771e+02
2.863542887063965168e+02
