3.661716950089460738e+02
2.818304077496334799e+02
2.818304077496334799e+02
2.818304077496334799e+02
2.818304077496334799e+02
2.818304077496334799e+02
2.818304077496334799e+02
2.818304077496334799e+02
2.818304077496334799e+02
2.818304077496334799e+02
2.818304077496334799e+02
2.818304077496334799e+02
2.818304077496334799e+02
2.818304077496334799e+02
2.818304077496334799e+02
2.818304077496334799e+02
2.818304077496334799e+02
2.818304077496334799e+02
2.818304077496334799e+02
2.818304077496334799e+02
2.818304077496334799e+02
