2.026909109610143256e-01
6.957092816870180663e-01
4.974982698779304990e-01
5.203004183612844891e-01
2.370900800404934228e-01
6.237278209379308880e-01
5.825092090100563169e-01
6.308662277851708744e-01
4.566334815629695121e-01
4.096723391988549290e-01
4.340371913061722431e-01
3.414274321806248791e-01
3.257992197861910855e-01
6.771617157102651774e-01
6.947388053857488366e-01
3.109235271745456886e-01
2.787734081423142718e-01
2.778614311221122013e-01
2.565048812350912422e-01
2.605275403927453937e-01
6.333290412145463621e-01
3.301288514806787200e-01
3.057678314332142322e-01
4.919908224677870257e-01
5.642663937789486051e-01
4.163034871214287280e-01
3.861885791208092833e-01
5.597517790073194277e-01
4.419115195564006227e-01
2.070614069665770995e-01
5.493935411578302341e-01
5.355219778894317884e-01
3.863069357074154775e-01
4.435302849281314019e-01
6.708356117839862076e-01
6.814279721587932492e-01
3.826559570424822310e-01
5.515077879485652534e-01
2.784073031369872497e-01
3.482704326530211558e-01
3.936033093821895701e-01
5.100418114321405572e-01
3.249570717244105178e-01
6.350500108103558361e-01
3.416976832602196534e-01
3.116742032396439543e-01
3.978789217667656475e-01
4.542664793149137070e-01
5.466769258417525368e-01
4.471840820111881998e-01
2.657946339546057302e-01
2.397017011218168236e-01
3.988879602079408171e-01
5.280371743997088751e-01
2.380332462838702368e-01
2.325548344318745797e-01
3.277578009837320838e-01
6.106100519021788742e-01
3.436951475274605539e-01
2.172672893899754709e-01
2.292907884386682360e-01
4.107170771301452694e-01
5.478754450510383567e-01
5.493473831525805817e-01
4.448308518933133948e-01
4.632200484435424759e-01
4.290318500619756392e-01
6.011826163606835971e-01
2.506310202800532405e-01
2.778708622358921909e-01
2.400034689816631928e-01
5.120875249920283645e-01
5.782833822359841891e-01
6.674414429017183625e-01
5.591331596876496501e-01
4.596865710716050435e-01
2.896205735572246476e-01
6.613329124106054335e-01
2.552293873745626884e-01
4.180222346901462105e-01
3.020509224403417625e-01
2.450398569671439764e-01
3.826292665421351380e-01
2.758112551026469794e-01
6.174773219264724222e-01
3.000946600489071692e-01
5.745546681687986323e-01
4.939726337065243889e-01
3.947702671215893577e-01
5.339525227374730676e-01
6.801352154192470412e-01
5.552059572725757119e-01
5.191379780951450584e-01
6.308104782144712264e-01
6.255507030299626292e-01
3.351988882690734028e-01
2.846981799737349217e-01
6.803059681985832441e-01
3.453025200039129272e-01
4.758339269240177694e-01
3.031366631309644344e-01
3.578583414017426634e-01
3.390654300010258471e-01
6.611666636349891046e-01
4.220765745830618032e-01
3.815290024479318642e-01
3.526777488336847455e-01
6.699070627188079552e-01
4.033206924790597725e-01
2.489573016016812801e-01
5.471735678349403109e-01
3.504055184841787796e-01
2.353964011096700282e-01
3.727673949446969059e-01
4.281771729688378381e-01
4.954519605990226894e-01
5.430571360299469852e-01
5.946719806084304061e-01
3.665804143628278444e-01
2.085440027219127024e-01
6.098460115573817175e-01
4.491751904139148488e-01
5.309920431555186227e-01
3.736446642041195698e-01
6.265074422177024926e-01
6.202608552704576006e-01
2.185006452811351085e-01
2.823626776545523076e-01
4.581407995385558540e-01
4.863462356229911743e-01
2.423522472446457687e-01
4.292409911228503017e-01
4.046713689451514329e-01
3.301948036495345740e-01
3.802738492381081414e-01
4.171072520419499829e-01
2.899479233678832202e-01
4.087026837681074776e-01
3.231208150792124201e-01
4.501836339207072046e-01
6.389678506636466970e-01
6.954914716662085050e-01
