6.675199306989076931e-01
6.383306053062396401e-01
6.293821559391490350e-01
6.128281766148466758e-01
6.189474188476844496e-01
6.848436188820419268e-01
6.813973139743927376e-01
6.390035873682197165e-01
6.142125907514869310e-01
6.987900752922971970e-01
6.123343287897993203e-01
6.010778921541144459e-01
6.846471307269599293e-01
6.167130038276047443e-01
6.526716959062305312e-01
6.710246126827610347e-01
6.858811375931657128e-01
6.964730044694109612e-01
6.809963931313912644e-01
6.832308599235336066e-01
6.664722452273845743e-01
6.852636821847364335e-01
6.708287495202915895e-01
6.812752845760029485e-01
6.445532867886152317e-01
6.457120894443082459e-01
6.072196937105077685e-01
6.181119141062944022e-01
6.412319707124157775e-01
6.008229111134180123e-01
6.700215081302079989e-01
6.729327399770446139e-01
6.731123994278406242e-01
6.741473149803011156e-01
6.801071784118009056e-01
6.180635417998108228e-01
6.171105556080866972e-01
6.138938143200801667e-01
6.579098351752824536e-01
6.177734438712070286e-01
6.611459347139431175e-01
6.385989167482756246e-01
6.790685613542745136e-01
6.029423530699447031e-01
6.370803685163461960e-01
6.199834954044588509e-01
6.838412264796384088e-01
6.796384650881602818e-01
6.064030182655530954e-01
6.121686554747899356e-01
6.054646433337691480e-01
6.016177233863071461e-01
6.831050171568138207e-01
6.792852412439878140e-01
6.390802343245757244e-01
6.639883357580423917e-01
6.636239251644990844e-01
6.744090001619864605e-01
6.928627982698754018e-01
6.356642404009913427e-01
6.647716169075432724e-01
6.397692203114175857e-01
6.155014898374165933e-01
6.307313180497889915e-01
6.066083408377456188e-01
6.905761896807439681e-01
6.288372836577834635e-01
6.933802886463558135e-01
6.593763114796403757e-01
6.464693415881520577e-01
6.508673100028319336e-01
6.091055978634635215e-01
6.237741176842674928e-01
6.173771182962943804e-01
6.811341790925611317e-01
6.386741925481597137e-01
6.820401481774247543e-01
6.601920268948400228e-01
6.757979422848038320e-01
6.484708104044532018e-01
6.398413815769393720e-01
6.154746599471246915e-01
6.861478757496277670e-01
6.431029380196536804e-01
6.856500287371029012e-01
6.366252291091065718e-01
6.216720110845497249e-01
6.731238213273357252e-01
6.183007101154690544e-01
6.550929669010123746e-01
6.853733981858095570e-01
6.980216134997180299e-01
6.522432398306907686e-01
6.491584499260161234e-01
6.536451692131267643e-01
6.707813001571042433e-01
6.435125353619239874e-01
6.079995232964865437e-01
6.515741249806897839e-01
6.366193989129876885e-01
6.657636419392486404e-01
6.925446755873638782e-01
6.928595871449855226e-01
6.244252508216857622e-01
6.408582092473984471e-01
6.171882606831905482e-01
6.653732657763955505e-01
6.148636472938006081e-01
6.245734803605275109e-01
6.078442788286483323e-01
6.217656985321851071e-01
6.204473182173582124e-01
6.684520654203832679e-01
6.957100322729905528e-01
6.211357449718700741e-01
6.756805426816364646e-01
6.141794388925567727e-01
6.209718798362544590e-01
6.572345210075802857e-01
6.098436714695484318e-01
6.933953804242025676e-01
6.092511002987553992e-01
6.878109069658152608e-01
6.329584972212720650e-01
6.176863755959395297e-01
6.525883517531759770e-01
6.831063933821436285e-01
6.920472402676759449e-01
6.599652406752920530e-01
6.676915219898122977e-01
6.519406161051418680e-01
6.995656434663108936e-01
6.566661525560504309e-01
6.168558187592353415e-01
6.841129905857782356e-01
6.825805818459603769e-01
6.349974126783950457e-01
6.986782949607802662e-01
6.415238853438429700e-01
6.939783548139902836e-01
6.044893777230881948e-01
6.052719075824973816e-01
