6.003173853949387295e-01
2.953241366315892957e-01
9.299797281858650511e-01
1.622834411113102115e-01
1.650213268111545561e-01
7.279927239066801281e-01
6.267024834079694129e-01
8.816412746223596386e-01
5.263767211500699483e-01
6.673723309497030520e-01
2.235568372128504677e-02
4.902826804980866537e-01
2.932694058571049256e-01
3.921582038503352852e-01
6.549540615589481973e-01
6.733612994916016170e-02
1.798459000183235679e-01
5.024171465504426726e-01
6.018710632163317698e-01
7.792574527456385125e-01
4.868011298334740111e-02
6.158967480507560044e-01
4.883304955063956232e-01
7.529877360938690423e-01
1.011113488218240430e-01
5.246929156040561759e-01
1.405561003973266887e-01
8.610449573724798800e-02
5.065767459699921371e-02
1.556179650994654606e-01
7.374637861985019471e-01
3.836457068911641732e-01
6.635420665676742269e-01
9.606234989010756786e-01
2.956581184423053843e-01
1.573720159030552734e-01
9.735085631424369446e-01
2.686505272326664695e-01
7.526579641289341538e-01
9.196177386014073862e-01
1.273129927087364166e-01
7.760266987161462682e-01
9.868567229450778688e-01
1.929425792941540374e-01
7.677971209017098175e-01
5.214489499885386348e-01
4.638522896993019229e-01
8.709016510101332820e-01
6.672312734020786618e-01
8.580740215473985355e-01
5.978670085301602821e-01
1.455225510689668322e-01
8.965267595531947187e-01
4.359717240390958981e-01
6.925057695717078410e-01
7.443805808619851083e-01
1.673993817927904582e-01
7.727156706612937631e-01
9.968673606520606079e-02
1.415023513402997590e-01
8.321686680897443233e-01
1.693534295668986944e-01
8.547149240215698995e-01
8.993167870961540356e-01
9.572611453122417124e-01
1.321111887562688159e-01
7.595829938403246828e-01
8.227560815589312071e-01
4.196451420532092413e-01
5.606364436429783771e-01
5.989004426697146499e-01
9.075623995485664341e-01
5.608070739332385868e-01
5.341965113551450095e-03
4.988651592446977645e-01
7.014290020460195452e-01
9.876279184960160551e-01
8.621749665652729266e-01
4.349796400811617447e-01
6.390568160643066431e-01
7.516608486767351049e-01
2.966126747980647460e-01
5.044039974980416563e-01
9.682638852412850383e-01
6.396382775070433846e-01
8.338194159586114207e-01
5.929160762905787418e-01
7.956083306730291627e-01
9.109559616757691991e-01
7.758135162139457863e-01
4.757699762327339821e-01
1.488904162300641598e-01
5.197938549381162510e-01
4.075296874173872652e-02
1.939064883495590363e-01
8.673386047228694995e-01
7.414196601659471808e-01
2.020537992469010335e-01
8.359907303274793922e-02
6.063116293167036819e-01
4.111080443966869113e-01
4.439071051062647433e-01
3.566465944628363083e-01
3.287005833076400707e-01
9.530316372456859586e-02
3.857639788522972957e-01
4.572599482922447001e-01
1.812180651477365290e-01
6.000488569361348556e-01
5.676253162794860918e-01
8.328445677924353197e-01
1.060677832470667825e-01
4.697703796012437927e-01
4.353730821206366342e-01
8.160684992828367568e-01
4.624265081874708860e-01
7.609725479521761704e-01
7.622216033962437853e-01
1.099367860993157864e-01
3.467077016483872676e-01
9.452478393081803487e-01
1.832237761704007539e-01
1.317296549830566654e-01
1.879458006170695583e-01
1.579792023020898384e-01
6.241328011756320793e-01
8.953875716116436179e-01
1.869537508034362361e-01
3.741713631377894256e-01
4.784181714050599332e-01
7.477642409100117016e-01
7.599591902549158728e-01
8.376143637494677385e-01
1.244082842830041002e-02
7.679604278920015847e-01
3.846375133854832429e-01
2.302076398036331240e-01
2.079688091539335648e-01
8.752411004461745359e-01
9.455509450036625463e-01
5.537459608684086598e-01
8.081746521590812415e-01
