1.000000000000000000e+00 1.000000000000000000e+00 6.185209678868198724e-01
1.000000000000000000e+00 2.000000000000000000e+00 7.958400286810121127e-01
2.000000000000000000e+00 1.000000000000000000e+00 5.565117788664369902e-01
2.000000000000000000e+00 2.000000000000000000e+00 7.978601728681100624e-01
2.000000000000000000e+00 3.000000000000000000e+00 6.852932940661971006e-01
3.000000000000000000e+00 1.000000000000000000e+00 5.435578313623840030e-01
4.000000000000000000e+00 1.000000000000000000e+00 7.456728439516890905e-01
4.000000000000000000e+00 3.000000000000000000e+00 6.242530548473428365e-01
5.000000000000000000e+00 4.000000000000000000e+00 7.250488673558030950e-01
6.000000000000000000e+00 5.000000000000000000e+00 6.816323653823388451e-01
7.000000000000000000e+00 1.000000000000000000e+00 7.710624912725201341e-01
8.000000000000000000e+00 1.000000000000000000e+00 7.142772659228385779e-01
8.000000000000000000e+00 3.000000000000000000e+00 7.057409152547544640e-01
9.000000000000000000e+00 4.000000000000000000e+00 6.763144634654674192e-01
1.000000000000000000e+01 5.000000000000000000e+00 5.788290129778792537e-01
1.000000000000000000e+01 1.000000000000000000e+00 5.392255866797841524e-01
1.100000000000000000e+01 4.000000000000000000e+00 7.831645152337165516e-01
1.200000000000000000e+01 4.000000000000000000e+00 5.727433229343801280e-01
1.300000000000000000e+01 1.000000000000000000e+00 6.397898850016144889e-01
1.400000000000000000e+01 3.000000000000000000e+00 6.477038568944644137e-01
1.500000000000000000e+01 3.000000000000000000e+00 5.201258547556114609e-01
1.600000000000000000e+01 4.000000000000000000e+00 6.134950810986764536e-01
1.700000000000000000e+01 1.000000000000000000e+00 5.724357496531763401e-01
1.800000000000000000e+01 4.000000000000000000e+00 7.663259130634455518e-01
1.900000000000000000e+01 4.000000000000000000e+00 5.861575012860015255e-01
2.000000000000000000e+01 4.000000000000000000e+00 5.396420058200228631e-01
2.100000000000000000e+01 1.000000000000000000e+00 7.968397422337051283e-01
2.200000000000000000e+01 4.000000000000000000e+00 7.433128994032707215e-01
2.300000000000000000e+01 4.000000000000000000e+00 6.375902882143158479e-01
2.400000000000000000e+01 1.000000000000000000e+00 5.769976969716386073e-01
2.500000000000000000e+01 1.000000000000000000e+00 6.408775002998696735e-01
2.600000000000000000e+01 1.000000000000000000e+00 7.946734790412999239e-01
2.700000000000000000e+01 5.000000000000000000e+00 6.162890700464909166e-01
2.700000000000000000e+01 1.000000000000000000e+00 6.917527676520982549e-01
2.800000000000000000e+01 1.000000000000000000e+00 7.204016437695104358e-01
2.900000000000000000e+01 4.000000000000000000e+00 5.392387079615360568e-01
3.000000000000000000e+01 1.000000000000000000e+00 6.265088205835455115e-01
3.100000000000000000e+01 1.000000000000000000e+00 6.294053133025847568e-01
3.100000000000000000e+01 2.000000000000000000e+00 7.599961183751672289e-01
3.100000000000000000e+01 3.000000000000000000e+00 6.744364748520750297e-01
3.200000000000000000e+01 5.000000000000000000e+00 5.256971821463988226e-01
3.300000000000000000e+01 4.000000000000000000e+00 7.813483864291049796e-01
3.400000000000000000e+01 1.000000000000000000e+00 7.259829577800160916e-01
3.500000000000000000e+01 1.000000000000000000e+00 6.072621808269982324e-01
3.600000000000000000e+01 2.000000000000000000e+00 7.087419314082172850e-01
3.700000000000000000e+01 2.000000000000000000e+00 5.964570749482343004e-01
3.800000000000000000e+01 4.000000000000000000e+00 5.642068238931058355e-01
3.800000000000000000e+01 5.000000000000000000e+00 5.707473969416136939e-01
3.900000000000000000e+01 3.000000000000000000e+00 7.498248466256943745e-01
4.000000000000000000e+01 2.000000000000000000e+00 5.727775204887307625e-01
4.100000000000000000e+01 1.000000000000000000e+00 5.204349884188420594e-01
4.100000000000000000e+01 3.000000000000000000e+00 6.578516764291916230e-01
4.200000000000000000e+01 4.000000000000000000e+00 5.167813080714701579e-01
4.300000000000000000e+01 2.000000000000000000e+00 5.932356267060878707e-01
4.400000000000000000e+01 4.000000000000000000e+00 7.738352446804026563e-01
4.500000000000000000e+01 5.000000000000000000e+00 6.923029919718955982e-01
4.500000000000000000e+01 1.000000000000000000e+00 7.722336250601422591e-01
4.600000000000000000e+01 1.000000000000000000e+00 6.666719314782452166e-01
4.700000000000000000e+01 4.000000000000000000e+00 7.288843202420451917e-01
4.800000000000000000e+01 5.000000000000000000e+00 6.265750906423401823e-01
4.900000000000000000e+01 4.000000000000000000e+00 7.859443444989482330e-01
5.000000000000000000e+01 2.000000000000000000e+00 7.712428803766934182e-01
5.100000000000000000e+01 4.000000000000000000e+00 5.901617553589161291e-01
5.200000000000000000e+01 4.000000000000000000e+00 5.041975640529255953e-01
5.300000000000000000e+01 1.000000000000000000e+00 5.302321389093908044e-01
5.400000000000000000e+01 4.000000000000000000e+00 5.328820569790392314e-01
5.500000000000000000e+01 1.000000000000000000e+00 7.850033095824937579e-01
5.500000000000000000e+01 3.000000000000000000e+00 5.320356226794958898e-01
5.600000000000000000e+01 3.000000000000000000e+00 5.747789989734958249e-01
5.700000000000000000e+01 4.000000000000000000e+00 6.954081832799410279e-01
5.800000000000000000e+01 2.000000000000000000e+00 5.598281954561796780e-01
5.900000000000000000e+01 1.000000000000000000e+00 5.858559398811805652e-01
6.000000000000000000e+01 3.000000000000000000e+00 7.606057503194793012e-01
6.100000000000000000e+01 4.000000000000000000e+00 5.119908980355439843e-01
6.200000000000000000e+01 1.000000000000000000e+00 5.443855537726846050e-01
6.300000000000000000e+01 4.000000000000000000e+00 7.600873869235909019e-01
6.400000000000000000e+01 1.000000000000000000e+00 7.939840394380066613e-01
6.500000000000000000e+01 1.000000000000000000e+00 5.393775402305402977e-01
6.600000000000000000e+01 4.000000000000000000e+00 5.672630395769306944e-01
6.700000000000000000e+01 4.000000000000000000e+00 6.690722041822094734e-01
6.800000000000000000e+01 4.000000000000000000e+00 6.782572453061166406e-01
6.900000000000000000e+01 4.000000000000000000e+00 6.968610192983928364e-01
7.000000000000000000e+01 1.000000000000000000e+00 5.041489811504502594e-01
7.100000000000000000e+01 1.000000000000000000e+00 6.901542402273248555e-01
7.200000000000000000e+01 4.000000000000000000e+00 5.698472395207758723e-01
7.300000000000000000e+01 1.000000000000000000e+00 5.895134304746220133e-01
7.400000000000000000e+01 2.000000000000000000e+00 6.301137501848173006e-01
7.500000000000000000e+01 4.000000000000000000e+00 5.332600914958646188e-01
7.600000000000000000e+01 1.000000000000000000e+00 6.812784089500831808e-01
7.700000000000000000e+01 3.000000000000000000e+00 7.369683926877351743e-01
7.800000000000000000e+01 4.000000000000000000e+00 6.177778813416665571e-01
7.900000000000000000e+01 4.000000000000000000e+00 5.558858593277431481e-01
8.000000000000000000e+01 1.000000000000000000e+00 7.530837366707963110e-01
8.100000000000000000e+01 4.000000000000000000e+00 7.502035957622762430e-01
8.200000000000000000e+01 1.000000000000000000e+00 5.941712513522056094e-01
8.300000000000000000e+01 4.000000000000000000e+00 7.918475358613336068e-01
8.400000000000000000e+01 1.000000000000000000e+00 6.821798935185386936e-01
8.400000000000000000e+01 3.000000000000000000e+00 5.599132861737055045e-01
8.500000000000000000e+01 4.000000000000000000e+00 6.694356284172687799e-01
8.600000000000000000e+01 1.000000000000000000e+00 7.275533856989205850e-01
8.700000000000000000e+01 4.000000000000000000e+00 6.419962739916869054e-01
8.800000000000000000e+01 4.000000000000000000e+00 6.471921659717255748e-01
8.900000000000000000e+01 2.000000000000000000e+00 5.670191580007939436e-01
8.900000000000000000e+01 3.000000000000000000e+00 5.821295219944163657e-01
9.000000000000000000e+01 4.000000000000000000e+00 7.972248818473568477e-01
9.100000000000000000e+01 1.000000000000000000e+00 6.770712042701957367e-01
9.200000000000000000e+01 1.000000000000000000e+00 7.903982568491447758e-01
9.300000000000000000e+01 1.000000000000000000e+00 5.827693905917322725e-01
9.400000000000000000e+01 1.000000000000000000e+00 6.898072707782723079e-01
9.500000000000000000e+01 4.000000000000000000e+00 7.742482642522481306e-01
9.600000000000000000e+01 1.000000000000000000e+00 7.348733403366423111e-01
9.700000000000000000e+01 4.000000000000000000e+00 5.978283990857448105e-01
9.800000000000000000e+01 2.000000000000000000e+00 5.746072883993441627e-01
9.900000000000000000e+01 3.000000000000000000e+00 6.021763288994319563e-01
1.000000000000000000e+02 4.000000000000000000e+00 6.683331874840643394e-01
1.010000000000000000e+02 3.000000000000000000e+00 6.842739181574182261e-01
1.020000000000000000e+02 1.000000000000000000e+00 5.632489434415149931e-01
1.030000000000000000e+02 1.000000000000000000e+00 7.372341953865152453e-01
1.040000000000000000e+02 4.000000000000000000e+00 6.398791284928053713e-01
1.050000000000000000e+02 2.000000000000000000e+00 6.474369938378371492e-01
1.050000000000000000e+02 3.000000000000000000e+00 5.998771128630254745e-01
1.060000000000000000e+02 4.000000000000000000e+00 7.139206596816287664e-01
1.060000000000000000e+02 1.000000000000000000e+00 6.519956561854602928e-01
1.060000000000000000e+02 2.000000000000000000e+00 7.720036193695796189e-01
1.070000000000000000e+02 1.000000000000000000e+00 7.193952313444402780e-01
1.080000000000000000e+02 4.000000000000000000e+00 7.543950116471309641e-01
1.090000000000000000e+02 1.000000000000000000e+00 5.866087768267626013e-01
1.100000000000000000e+02 1.000000000000000000e+00 6.065018030407508531e-01
1.110000000000000000e+02 4.000000000000000000e+00 7.123652824147320706e-01
1.120000000000000000e+02 5.000000000000000000e+00 5.569318456429479536e-01
1.130000000000000000e+02 4.000000000000000000e+00 6.150475035202410679e-01
1.140000000000000000e+02 1.000000000000000000e+00 7.050321919111588453e-01
1.150000000000000000e+02 1.000000000000000000e+00 5.489742776532268165e-01
1.160000000000000000e+02 1.000000000000000000e+00 6.068415611002165866e-01
1.170000000000000000e+02 1.000000000000000000e+00 7.709598438735113524e-01
1.180000000000000000e+02 3.000000000000000000e+00 7.468281854044821477e-01
1.190000000000000000e+02 1.000000000000000000e+00 6.129733871644027499e-01
1.200000000000000000e+02 1.000000000000000000e+00 6.213660848980675500e-01
1.210000000000000000e+02 4.000000000000000000e+00 7.406783958142444391e-01
1.220000000000000000e+02 1.000000000000000000e+00 7.614661507458646561e-01
1.230000000000000000e+02 5.000000000000000000e+00 6.156627104429410746e-01
1.240000000000000000e+02 2.000000000000000000e+00 5.684330564388102580e-01
1.250000000000000000e+02 4.000000000000000000e+00 5.231979348187749679e-01
1.250000000000000000e+02 1.000000000000000000e+00 7.562790741068798894e-01
1.260000000000000000e+02 4.000000000000000000e+00 5.937072643393563887e-01
1.260000000000000000e+02 1.000000000000000000e+00 5.734352925256646083e-01
1.260000000000000000e+02 2.000000000000000000e+00 6.409196888245306534e-01
1.260000000000000000e+02 3.000000000000000000e+00 5.440013172441577893e-01
1.270000000000000000e+02 4.000000000000000000e+00 5.157524163369640036e-01
1.280000000000000000e+02 4.000000000000000000e+00 6.737143309911239886e-01
1.290000000000000000e+02 4.000000000000000000e+00 5.758646657243741140e-01
1.290000000000000000e+02 5.000000000000000000e+00 7.246184611867981795e-01
1.300000000000000000e+02 3.000000000000000000e+00 6.647520001540541124e-01
1.310000000000000000e+02 1.000000000000000000e+00 6.373893453455197200e-01
1.320000000000000000e+02 4.000000000000000000e+00 7.256456166828492149e-01
1.330000000000000000e+02 4.000000000000000000e+00 5.000864714491833896e-01
1.340000000000000000e+02 2.000000000000000000e+00 6.380196218269094111e-01
1.350000000000000000e+02 1.000000000000000000e+00 5.655674874557935494e-01
1.360000000000000000e+02 1.000000000000000000e+00 5.864527498843939979e-01
1.360000000000000000e+02 3.000000000000000000e+00 7.923260096879178871e-01
