1.415861991181591861e+02
1.364650000568360895e+02
1.366611796131652738e+02
1.346116140966643968e+02
1.364272016990670409e+02
1.369743071053239305e+02
1.366149868115771824e+02
1.356035077233852917e+02
1.370934239194315580e+02
1.358679862043626940e+02
1.362543445480382331e+02
1.364491486240997631e+02
1.305812553033953520e+02
1.333216425746791174e+02
1.299845862615221392e+02
1.284655686727747934e+02
1.313299662508945573e+02
1.320147758356888801e+02
1.341785895512289812e+02
1.295998860555573344e+02
1.293717688757601252e+02
