1.208403347617402090e+02
1.208403347617402090e+02
1.208403347617402090e+02
1.203791943015470167e+02
1.203791943015470167e+02
1.201826028422015611e+02
1.201826028422015611e+02
1.201826028422015611e+02
1.197031162728578408e+02
1.197031162728578408e+02
1.197031162728578408e+02
1.195741326163812630e+02
1.194580473255523430e+02
1.193535705638063007e+02
1.190987517419077335e+02
1.190302045385261778e+02
1.189685120554827478e+02
1.189129888207436778e+02
1.188630179094785149e+02
1.188630179094785149e+02
1.188180440893398639e+02
