1.634357349720007164e+02
1.215745288521703174e+02
1.194161897359139743e+02
1.188255348583969777e+02
1.185577405882472419e+02
1.184808822238559856e+02
1.184715257801114774e+02
1.184676476461095689e+02
1.184671518724041732e+02
1.184670713140551328e+02
1.184670496955413057e+02
1.184670466713387640e+02
1.184670456433430275e+02
1.184670454087986684e+02
1.184670453803688446e+02
1.184670453746917644e+02
1.184670453704283943e+02
1.184670453697088988e+02
1.184670453695129595e+02
1.184670453694610757e+02
1.184670453694527481e+02
