1.634357349720007164e+02
1.241978977420394159e+02
1.204498562092533120e+02
1.198295293280124838e+02
1.188542419401895245e+02
1.185392498566849468e+02
1.184892784046896139e+02
1.184745316997201598e+02
1.184697306111528547e+02
1.184682377120827539e+02
1.184676964738562361e+02
1.184672844610849722e+02
1.184671113973703314e+02
1.184670677930411102e+02
1.184670561705777061e+02
1.184670495053713921e+02
1.184670475350750110e+02
1.184670462594784226e+02
1.184670457145472255e+02
1.184670455387627612e+02
1.184670454298860278e+02
