1.355342077670858316e+02
1.172299161078237262e+02
1.151934042894694983e+02
1.147660706620115150e+02
1.141507102384720866e+02
1.139999920977148378e+02
1.137299480355414119e+02
1.134161718778186270e+02
1.132867750165886491e+02
1.132298266881316948e+02
1.131591398629402647e+02
1.131216601409300893e+02
1.130956216946770496e+02
1.130815927686567619e+02
1.130715868370604937e+02
1.130684675820942999e+02
1.130628028523557873e+02
1.130615663133778810e+02
1.130595599501503159e+02
1.130582493076499446e+02
1.130575108877804809e+02
