1.355342077670858316e+02
1.134498271021959255e+02
1.132678777775871453e+02
1.131010885649757540e+02
1.130598532912208043e+02
1.130582424617463744e+02
1.130574268606551414e+02
1.130569159858533084e+02
1.130567761604709318e+02
1.130567446080039247e+02
1.130567381603551809e+02
1.130567366352997851e+02
1.130567363086573067e+02
1.130567361761847565e+02
1.130567361592063804e+02
1.130567361535154305e+02
1.130567361524631593e+02
1.130567361522396652e+02
1.130567361521964642e+02
1.130567361521810028e+02
1.130567361521802496e+02
