1.415861991181591861e+02
1.403354627500770562e+02
1.389573016706746955e+02
1.376367152781092500e+02
1.364088168072551355e+02
1.350569275933045219e+02
1.336673086361896026e+02
1.324066471096033695e+02
1.311619014660486187e+02
1.298696467259269127e+02
1.286412471744233130e+02
1.275064929389400845e+02
1.262625243567408688e+02
1.250552040565402763e+02
1.239342410843675566e+02
1.229216412318737497e+02
1.216910270871558453e+02
1.205153441633137135e+02
1.193431553879488831e+02
1.183202868713352558e+02
1.171704370267591742e+02
