1.000000000000000000e+00 2.000000000000000000e+00 6.088219812693328459e-01
1.000000000000000000e+00 3.000000000000000000e+00 5.072401227893070796e-01
1.000000000000000000e+00 4.000000000000000000e+00 5.309026413560872237e-01
1.000000000000000000e+00 5.000000000000000000e+00 5.826785321828745756e-01
1.000000000000000000e+00 6.000000000000000000e+00 5.527069982276261451e-01
1.000000000000000000e+00 7.000000000000000000e+00 5.606893215372373840e-01
1.000000000000000000e+00 8.000000000000000000e+00 5.187569284231269284e-01
1.000000000000000000e+00 9.000000000000000000e+00 6.223538565667240396e-01
1.000000000000000000e+00 1.000000000000000000e+01 5.629795153581436118e-01
1.000000000000000000e+00 1.100000000000000000e+01 5.164411326315532236e-01
1.000000000000000000e+00 1.200000000000000000e+01 5.395635071286049023e-01
1.000000000000000000e+00 1.300000000000000000e+01 6.094634262105653733e-01
1.000000000000000000e+00 1.400000000000000000e+01 6.974009602057381629e-01
1.000000000000000000e+00 1.500000000000000000e+01 5.929753570005912300e-01
1.000000000000000000e+00 1.600000000000000000e+01 6.609958349082849516e-01
1.000000000000000000e+00 1.700000000000000000e+01 5.319810339647339514e-01
1.000000000000000000e+00 1.800000000000000000e+01 6.664434837059778349e-01
2.000000000000000000e+00 1.000000000000000000e+00 5.213735017591961673e-01
2.000000000000000000e+00 3.000000000000000000e+00 7.107402913747593587e-01
2.000000000000000000e+00 4.000000000000000000e+00 5.259065993928582206e-01
2.000000000000000000e+00 5.000000000000000000e+00 6.351083035578033442e-01
2.000000000000000000e+00 6.000000000000000000e+00 5.315216500372964559e-01
2.000000000000000000e+00 7.000000000000000000e+00 7.542708536131164099e-01
2.000000000000000000e+00 8.000000000000000000e+00 5.365027518467816448e-01
2.000000000000000000e+00 9.000000000000000000e+00 5.133308501602441565e-01
2.000000000000000000e+00 1.000000000000000000e+01 5.767318220887226454e-01
2.000000000000000000e+00 1.100000000000000000e+01 7.007045094356166848e-01
2.000000000000000000e+00 1.200000000000000000e+01 5.258269515004188044e-01
2.000000000000000000e+00 1.300000000000000000e+01 6.048302547300999921e-01
2.000000000000000000e+00 1.400000000000000000e+01 5.203366165821240452e-01
2.000000000000000000e+00 1.500000000000000000e+01 7.374737171143930237e-01
2.000000000000000000e+00 1.600000000000000000e+01 7.603130787123117962e-01
2.000000000000000000e+00 1.700000000000000000e+01 6.406586535610884203e-01
2.000000000000000000e+00 1.800000000000000000e+01 5.309673806978446597e-01
3.000000000000000000e+00 1.000000000000000000e+00 6.878980422486272728e-01
3.000000000000000000e+00 2.000000000000000000e+00 6.269456458198658932e-01
3.000000000000000000e+00 4.000000000000000000e+00 6.237907377794823516e-01
3.000000000000000000e+00 5.000000000000000000e+00 6.977802576699788650e-01
3.000000000000000000e+00 6.000000000000000000e+00 6.333883736356376026e-01
3.000000000000000000e+00 7.000000000000000000e+00 7.215693804539089484e-01
3.000000000000000000e+00 8.000000000000000000e+00 7.419270495099852258e-01
3.000000000000000000e+00 9.000000000000000000e+00 7.680615340873602204e-01
3.000000000000000000e+00 1.000000000000000000e+01 6.826966331688733014e-01
3.000000000000000000e+00 1.100000000000000000e+01 5.870873874238158319e-01
3.000000000000000000e+00 1.200000000000000000e+01 6.437852711986710164e-01
3.000000000000000000e+00 1.300000000000000000e+01 5.019874817490749264e-01
3.000000000000000000e+00 1.400000000000000000e+01 5.869464943409764546e-01
3.000000000000000000e+00 1.500000000000000000e+01 7.019671173670981590e-01
3.000000000000000000e+00 1.600000000000000000e+01 7.643170173936932876e-01
3.000000000000000000e+00 1.700000000000000000e+01 7.361344095816273470e-01
3.000000000000000000e+00 1.800000000000000000e+01 5.400497527372819517e-01
4.000000000000000000e+00 1.000000000000000000e+00 7.480328266732350073e-01
4.000000000000000000e+00 2.000000000000000000e+00 7.442713628763433231e-01
4.000000000000000000e+00 3.000000000000000000e+00 6.400487494254968324e-01
4.000000000000000000e+00 5.000000000000000000e+00 7.675947219284795509e-01
4.000000000000000000e+00 6.000000000000000000e+00 6.544084903726551383e-01
4.000000000000000000e+00 7.000000000000000000e+00 6.283050162081350587e-01
4.000000000000000000e+00 8.000000000000000000e+00 7.893551443984792026e-01
4.000000000000000000e+00 9.000000000000000000e+00 6.189843321753207839e-01
4.000000000000000000e+00 1.000000000000000000e+01 7.698665920752874037e-01
4.000000000000000000e+00 1.100000000000000000e+01 7.038318050308006724e-01
4.000000000000000000e+00 1.200000000000000000e+01 6.726021908143970940e-01
4.000000000000000000e+00 1.300000000000000000e+01 6.348449142653023181e-01
4.000000000000000000e+00 1.400000000000000000e+01 5.493998555397503480e-01
4.000000000000000000e+00 1.500000000000000000e+01 6.735256733641393767e-01
4.000000000000000000e+00 1.600000000000000000e+01 7.515428651624431744e-01
4.000000000000000000e+00 1.700000000000000000e+01 5.338870225928629143e-01
4.000000000000000000e+00 1.800000000000000000e+01 6.629138169147430482e-01
5.000000000000000000e+00 1.000000000000000000e+00 7.584793142114540920e-01
5.000000000000000000e+00 2.000000000000000000e+00 6.204319730057746840e-01
5.000000000000000000e+00 3.000000000000000000e+00 6.890128645897598547e-01
5.000000000000000000e+00 4.000000000000000000e+00 5.232684179086423137e-01
5.000000000000000000e+00 6.000000000000000000e+00 5.779623387604497786e-01
5.000000000000000000e+00 7.000000000000000000e+00 6.660564015126980708e-01
5.000000000000000000e+00 8.000000000000000000e+00 6.030474767886672138e-01
5.000000000000000000e+00 9.000000000000000000e+00 5.766464690053908493e-01
5.000000000000000000e+00 1.000000000000000000e+01 7.913063175570274055e-01
5.000000000000000000e+00 1.100000000000000000e+01 6.173606209003424938e-01
5.000000000000000000e+00 1.200000000000000000e+01 5.579891132271049825e-01
5.000000000000000000e+00 1.300000000000000000e+01 6.516754722754841689e-01
5.000000000000000000e+00 1.400000000000000000e+01 7.533182684900370241e-01
5.000000000000000000e+00 1.500000000000000000e+01 5.118428442644108456e-01
5.000000000000000000e+00 1.600000000000000000e+01 7.928095068365150766e-01
5.000000000000000000e+00 1.700000000000000000e+01 7.665932249970035528e-01
5.000000000000000000e+00 1.800000000000000000e+01 6.202551722659083167e-01
6.000000000000000000e+00 1.000000000000000000e+00 7.842989547822512009e-01
6.000000000000000000e+00 2.000000000000000000e+00 5.479988705328364684e-01
6.000000000000000000e+00 3.000000000000000000e+00 7.760869071058587032e-01
6.000000000000000000e+00 4.000000000000000000e+00 7.060977134623520612e-01
6.000000000000000000e+00 5.000000000000000000e+00 5.799549411556316203e-01
6.000000000000000000e+00 7.000000000000000000e+00 6.992805256926517554e-01
6.000000000000000000e+00 8.000000000000000000e+00 5.762802298919311728e-01
6.000000000000000000e+00 9.000000000000000000e+00 6.379014454807578893e-01
6.000000000000000000e+00 1.000000000000000000e+01 7.480977644612962774e-01
6.000000000000000000e+00 1.100000000000000000e+01 6.812912350095934322e-01
6.000000000000000000e+00 1.200000000000000000e+01 6.881179794878704570e-01
6.000000000000000000e+00 1.300000000000000000e+01 7.473812452758183955e-01
6.000000000000000000e+00 1.400000000000000000e+01 7.509171159013001695e-01
6.000000000000000000e+00 1.500000000000000000e+01 6.564560993701906710e-01
6.000000000000000000e+00 1.600000000000000000e+01 6.650845577545655418e-01
6.000000000000000000e+00 1.700000000000000000e+01 7.569072162324141928e-01
6.000000000000000000e+00 1.800000000000000000e+01 7.302662045309326055e-01
7.000000000000000000e+00 1.000000000000000000e+00 6.540130383360307498e-01
7.000000000000000000e+00 2.000000000000000000e+00 7.605569019772729922e-01
7.000000000000000000e+00 3.000000000000000000e+00 7.590618090089135128e-01
7.000000000000000000e+00 4.000000000000000000e+00 5.698870889653395722e-01
7.000000000000000000e+00 5.000000000000000000e+00 7.998528269971696414e-01
7.000000000000000000e+00 6.000000000000000000e+00 7.751542533270860957e-01
7.000000000000000000e+00 8.000000000000000000e+00 7.056856028137876713e-01
7.000000000000000000e+00 9.000000000000000000e+00 7.777028526356646321e-01
7.000000000000000000e+00 1.000000000000000000e+01 5.450816655776969943e-01
7.000000000000000000e+00 1.100000000000000000e+01 5.005254324986754266e-01
7.000000000000000000e+00 1.200000000000000000e+01 7.413473528924988676e-01
7.000000000000000000e+00 1.300000000000000000e+01 5.401281769402158650e-01
7.000000000000000000e+00 1.400000000000000000e+01 7.837039032343495748e-01
7.000000000000000000e+00 1.500000000000000000e+01 7.489494567924075419e-01
7.000000000000000000e+00 1.600000000000000000e+01 5.282840288073739066e-01
7.000000000000000000e+00 1.700000000000000000e+01 6.069300535417443410e-01
7.000000000000000000e+00 1.800000000000000000e+01 6.955440647150639144e-01
8.000000000000000000e+00 1.000000000000000000e+00 7.827497402899553647e-01
8.000000000000000000e+00 2.000000000000000000e+00 6.741456170855747443e-01
8.000000000000000000e+00 3.000000000000000000e+00 5.676090651966143596e-01
8.000000000000000000e+00 4.000000000000000000e+00 7.654885556508166378e-01
8.000000000000000000e+00 5.000000000000000000e+00 6.923397368488686254e-01
8.000000000000000000e+00 6.000000000000000000e+00 6.304382078490825547e-01
8.000000000000000000e+00 7.000000000000000000e+00 6.547351681080795238e-01
8.000000000000000000e+00 9.000000000000000000e+00 6.303813675878535694e-01
8.000000000000000000e+00 1.000000000000000000e+01 6.079115101091318030e-01
8.000000000000000000e+00 1.100000000000000000e+01 6.480252481879359427e-01
8.000000000000000000e+00 1.200000000000000000e+01 7.955428206944513692e-01
8.000000000000000000e+00 1.300000000000000000e+01 5.413849489953379557e-01
8.000000000000000000e+00 1.400000000000000000e+01 5.551191697510423628e-01
8.000000000000000000e+00 1.500000000000000000e+01 7.674792562488503833e-01
8.000000000000000000e+00 1.600000000000000000e+01 7.938140194926983639e-01
8.000000000000000000e+00 1.700000000000000000e+01 6.609714497138816647e-01
8.000000000000000000e+00 1.800000000000000000e+01 6.323990997505007927e-01
9.000000000000000000e+00 1.000000000000000000e+00 5.349640884051178880e-01
9.000000000000000000e+00 2.000000000000000000e+00 7.323053123743008541e-01
9.000000000000000000e+00 3.000000000000000000e+00 6.679754017046160008e-01
9.000000000000000000e+00 4.000000000000000000e+00 5.480236363033315072e-01
9.000000000000000000e+00 5.000000000000000000e+00 5.175295549217493463e-01
9.000000000000000000e+00 6.000000000000000000e+00 5.927019080746123159e-01
9.000000000000000000e+00 7.000000000000000000e+00 6.006708637372712989e-01
9.000000000000000000e+00 8.000000000000000000e+00 7.719160042520899490e-01
9.000000000000000000e+00 1.000000000000000000e+01 6.314051314092259393e-01
9.000000000000000000e+00 1.100000000000000000e+01 5.859164279532674824e-01
9.000000000000000000e+00 1.200000000000000000e+01 5.634841885106177672e-01
9.000000000000000000e+00 1.300000000000000000e+01 7.081976816372613781e-01
9.000000000000000000e+00 1.400000000000000000e+01 7.632816153043517904e-01
9.000000000000000000e+00 1.500000000000000000e+01 7.277327769062469365e-01
9.000000000000000000e+00 1.600000000000000000e+01 7.798007779006530527e-01
9.000000000000000000e+00 1.700000000000000000e+01 5.673557376215039305e-01
9.000000000000000000e+00 1.800000000000000000e+01 7.002197184319870482e-01
1.000000000000000000e+01 1.000000000000000000e+00 6.093622304886403551e-01
1.000000000000000000e+01 2.000000000000000000e+00 5.188084196138740278e-01
1.000000000000000000e+01 3.000000000000000000e+00 7.053721130731296363e-01
1.000000000000000000e+01 4.000000000000000000e+00 7.828053856393870635e-01
1.000000000000000000e+01 5.000000000000000000e+00 6.824878132027061284e-01
1.000000000000000000e+01 6.000000000000000000e+00 6.138842849434427151e-01
1.000000000000000000e+01 7.000000000000000000e+00 7.274391707419942676e-01
1.000000000000000000e+01 8.000000000000000000e+00 5.926350363022299117e-01
1.000000000000000000e+01 9.000000000000000000e+00 6.665236562595728831e-01
1.000000000000000000e+01 1.100000000000000000e+01 6.015735926252190335e-01
1.000000000000000000e+01 1.200000000000000000e+01 6.112985588688907290e-01
1.000000000000000000e+01 1.300000000000000000e+01 7.334145057330488937e-01
1.000000000000000000e+01 1.400000000000000000e+01 7.493437047195823375e-01
1.000000000000000000e+01 1.500000000000000000e+01 6.255065016558660762e-01
1.000000000000000000e+01 1.600000000000000000e+01 7.877522155998324394e-01
1.000000000000000000e+01 1.700000000000000000e+01 6.547178006859422084e-01
1.000000000000000000e+01 1.800000000000000000e+01 7.577367037325067889e-01
1.100000000000000000e+01 1.000000000000000000e+00 5.347777585491636509e-01
1.100000000000000000e+01 2.000000000000000000e+00 6.991159629732308645e-01
1.100000000000000000e+01 3.000000000000000000e+00 5.729439592930687386e-01
1.100000000000000000e+01 4.000000000000000000e+00 6.878454948861920659e-01
1.100000000000000000e+01 5.000000000000000000e+00 7.517089707085582440e-01
1.100000000000000000e+01 6.000000000000000000e+00 7.333182499325946457e-01
1.100000000000000000e+01 7.000000000000000000e+00 6.563475743317688238e-01
1.100000000000000000e+01 8.000000000000000000e+00 7.459559380891057634e-01
1.100000000000000000e+01 9.000000000000000000e+00 5.920737245968785700e-01
1.100000000000000000e+01 1.000000000000000000e+01 6.594071360812056026e-01
1.100000000000000000e+01 1.200000000000000000e+01 7.271497426500389549e-01
1.100000000000000000e+01 1.300000000000000000e+01 6.921168971621045607e-01
1.100000000000000000e+01 1.400000000000000000e+01 7.572586496406971124e-01
1.100000000000000000e+01 1.500000000000000000e+01 7.962550877697038842e-01
1.100000000000000000e+01 1.600000000000000000e+01 5.404437341947454509e-01
1.100000000000000000e+01 1.700000000000000000e+01 6.140630668959879968e-01
1.100000000000000000e+01 1.800000000000000000e+01 7.630753144603378280e-01
1.200000000000000000e+01 1.000000000000000000e+00 5.603177409642825513e-01
1.200000000000000000e+01 2.000000000000000000e+00 6.400444672030318749e-01
1.200000000000000000e+01 3.000000000000000000e+00 5.063611384163078100e-01
1.200000000000000000e+01 4.000000000000000000e+00 6.487492767017182249e-01
1.200000000000000000e+01 5.000000000000000000e+00 6.372821166172411012e-01
1.200000000000000000e+01 6.000000000000000000e+00 7.177546423414542520e-01
1.200000000000000000e+01 7.000000000000000000e+00 6.719943773743368709e-01
1.200000000000000000e+01 8.000000000000000000e+00 6.389839450456892278e-01
1.200000000000000000e+01 9.000000000000000000e+00 6.556864880629236225e-01
1.200000000000000000e+01 1.000000000000000000e+01 5.140721686232554433e-01
1.200000000000000000e+01 1.100000000000000000e+01 6.147245501740601359e-01
1.200000000000000000e+01 1.300000000000000000e+01 7.967972126166735780e-01
1.200000000000000000e+01 1.400000000000000000e+01 5.429033006446660758e-01
1.200000000000000000e+01 1.500000000000000000e+01 6.569358487366712129e-01
1.200000000000000000e+01 1.600000000000000000e+01 5.256002137518522854e-01
1.200000000000000000e+01 1.700000000000000000e+01 7.300958247769939735e-01
1.200000000000000000e+01 1.800000000000000000e+01 6.184945729035919992e-01
1.300000000000000000e+01 1.000000000000000000e+00 5.262237898879010833e-01
1.300000000000000000e+01 2.000000000000000000e+00 7.284982682245927377e-01
1.300000000000000000e+01 3.000000000000000000e+00 6.929630728207667456e-01
1.300000000000000000e+01 4.000000000000000000e+00 6.112867853593286771e-01
1.300000000000000000e+01 5.000000000000000000e+00 6.069002564383204623e-01
1.300000000000000000e+01 6.000000000000000000e+00 7.992158225823280393e-01
1.300000000000000000e+01 7.000000000000000000e+00 7.416829014568924183e-01
1.300000000000000000e+01 8.000000000000000000e+00 7.892932300156974001e-01
1.300000000000000000e+01 9.000000000000000000e+00 5.568866541200132581e-01
1.300000000000000000e+01 1.000000000000000000e+01 5.507758640226313451e-01
1.300000000000000000e+01 1.100000000000000000e+01 5.027386722362420235e-01
1.300000000000000000e+01 1.200000000000000000e+01 7.832202161329224754e-01
1.300000000000000000e+01 1.400000000000000000e+01 6.906771905074513551e-01
1.300000000000000000e+01 1.500000000000000000e+01 6.280015978350832473e-01
1.300000000000000000e+01 1.600000000000000000e+01 5.787595904022558857e-01
1.300000000000000000e+01 1.700000000000000000e+01 7.841605000751810106e-01
1.300000000000000000e+01 1.800000000000000000e+01 7.388452668413613145e-01
1.400000000000000000e+01 1.000000000000000000e+00 5.253707043497616302e-01
1.400000000000000000e+01 2.000000000000000000e+00 7.743928858553466021e-01
1.400000000000000000e+01 3.000000000000000000e+00 6.066216032705508132e-01
1.400000000000000000e+01 4.000000000000000000e+00 6.255583085870237703e-01
1.400000000000000000e+01 5.000000000000000000e+00 7.248197191111279691e-01
1.400000000000000000e+01 6.000000000000000000e+00 6.461440197429891841e-01
1.400000000000000000e+01 7.000000000000000000e+00 5.494628756539375880e-01
1.400000000000000000e+01 8.000000000000000000e+00 7.794346198123016656e-01
1.400000000000000000e+01 9.000000000000000000e+00 5.157896590154553706e-01
1.400000000000000000e+01 1.000000000000000000e+01 6.975834704594605640e-01
1.400000000000000000e+01 1.100000000000000000e+01 6.631714427850503579e-01
1.400000000000000000e+01 1.200000000000000000e+01 7.894029109707332292e-01
1.400000000000000000e+01 1.300000000000000000e+01 5.342588442686775352e-01
1.400000000000000000e+01 1.500000000000000000e+01 6.499571033425128874e-01
1.400000000000000000e+01 1.600000000000000000e+01 6.730412125488792752e-01
1.400000000000000000e+01 1.700000000000000000e+01 7.650678042524421407e-01
1.400000000000000000e+01 1.800000000000000000e+01 5.572152114178199334e-01
1.500000000000000000e+01 1.000000000000000000e+00 7.947844366081018297e-01
1.500000000000000000e+01 2.000000000000000000e+00 6.159422558091554034e-01
1.500000000000000000e+01 3.000000000000000000e+00 7.579190748868220862e-01
1.500000000000000000e+01 4.000000000000000000e+00 5.939828134939427740e-01
1.500000000000000000e+01 5.000000000000000000e+00 5.453252168073263739e-01
1.500000000000000000e+01 6.000000000000000000e+00 6.952834929494156047e-01
1.500000000000000000e+01 7.000000000000000000e+00 7.385913213523596088e-01
1.500000000000000000e+01 8.000000000000000000e+00 6.430319202364533915e-01
1.500000000000000000e+01 9.000000000000000000e+00 7.935322587783973924e-01
1.500000000000000000e+01 1.000000000000000000e+01 5.809168894717345877e-01
1.500000000000000000e+01 1.100000000000000000e+01 5.042610594466871987e-01
1.500000000000000000e+01 1.200000000000000000e+01 7.303675720677075267e-01
1.500000000000000000e+01 1.300000000000000000e+01 5.924486111152771350e-01
1.500000000000000000e+01 1.400000000000000000e+01 5.383679446823612658e-01
1.500000000000000000e+01 1.600000000000000000e+01 6.592320050334504744e-01
1.500000000000000000e+01 1.700000000000000000e+01 5.828433288077244923e-01
1.500000000000000000e+01 1.800000000000000000e+01 6.770173798136090992e-01
1.600000000000000000e+01 1.000000000000000000e+00 6.173020252495518001e-01
1.600000000000000000e+01 2.000000000000000000e+00 5.376012864162696969e-01
1.600000000000000000e+01 3.000000000000000000e+00 7.963091202695125048e-01
1.600000000000000000e+01 4.000000000000000000e+00 6.386995926432418313e-01
1.600000000000000000e+01 5.000000000000000000e+00 6.595486871314575339e-01
1.600000000000000000e+01 6.000000000000000000e+00 7.169670761328530428e-01
1.600000000000000000e+01 7.000000000000000000e+00 5.360664618779464874e-01
1.600000000000000000e+01 8.000000000000000000e+00 5.312977342103908374e-01
1.600000000000000000e+01 9.000000000000000000e+00 7.729370175789616049e-01
1.600000000000000000e+01 1.000000000000000000e+01 7.736791546022169230e-01
1.600000000000000000e+01 1.100000000000000000e+01 7.959627842360730288e-01
1.600000000000000000e+01 1.200000000000000000e+01 6.563960542294613454e-01
1.600000000000000000e+01 1.300000000000000000e+01 6.652207271392682753e-01
1.600000000000000000e+01 1.400000000000000000e+01 6.282220595386788231e-01
1.600000000000000000e+01 1.500000000000000000e+01 6.429413227555900168e-01
1.600000000000000000e+01 1.700000000000000000e+01 6.593425439865920890e-01
1.600000000000000000e+01 1.800000000000000000e+01 7.219385472023163164e-01
1.700000000000000000e+01 1.000000000000000000e+00 6.232080538324769048e-01
1.700000000000000000e+01 2.000000000000000000e+00 7.423913038320637536e-01
1.700000000000000000e+01 3.000000000000000000e+00 5.106059598583347903e-01
1.700000000000000000e+01 4.000000000000000000e+00 5.999827070412401264e-01
1.700000000000000000e+01 5.000000000000000000e+00 5.014761795610633843e-01
1.700000000000000000e+01 6.000000000000000000e+00 7.481613643351074927e-01
1.700000000000000000e+01 7.000000000000000000e+00 7.673166062597274184e-01
1.700000000000000000e+01 8.000000000000000000e+00 7.045765747030011683e-01
1.700000000000000000e+01 9.000000000000000000e+00 5.188379323714948921e-01
1.700000000000000000e+01 1.000000000000000000e+01 7.906166995972672140e-01
1.700000000000000000e+01 1.100000000000000000e+01 5.070265709437064006e-01
1.700000000000000000e+01 1.200000000000000000e+01 7.856834245830177643e-01
1.700000000000000000e+01 1.300000000000000000e+01 7.565459109994838727e-01
1.700000000000000000e+01 1.400000000000000000e+01 6.135197140694341744e-01
1.700000000000000000e+01 1.500000000000000000e+01 6.515986991542206397e-01
1.700000000000000000e+01 1.600000000000000000e+01 5.757759778052806698e-01
1.700000000000000000e+01 1.800000000000000000e+01 6.362997524870583899e-01
1.800000000000000000e+01 1.000000000000000000e+00 5.470194701136202875e-01
1.800000000000000000e+01 2.000000000000000000e+00 6.227952083083840851e-01
1.800000000000000000e+01 3.000000000000000000e+00 6.040499929071532215e-01
1.800000000000000000e+01 4.000000000000000000e+00 5.064213491137460332e-01
1.800000000000000000e+01 5.000000000000000000e+00 7.630629705176625865e-01
1.800000000000000000e+01 6.000000000000000000e+00 7.025155727328571409e-01
1.800000000000000000e+01 7.000000000000000000e+00 7.258832063644249377e-01
1.800000000000000000e+01 8.000000000000000000e+00 6.701242653293779661e-01
1.800000000000000000e+01 9.000000000000000000e+00 7.574747182642427301e-01
1.800000000000000000e+01 1.000000000000000000e+01 7.295570385714914563e-01
1.800000000000000000e+01 1.100000000000000000e+01 6.590427346340492765e-01
1.800000000000000000e+01 1.200000000000000000e+01 6.771370199667144929e-01
1.800000000000000000e+01 1.300000000000000000e+01 5.294592494710077535e-01
1.800000000000000000e+01 1.400000000000000000e+01 5.111077265719702334e-01
1.800000000000000000e+01 1.500000000000000000e+01 6.404230309886351780e-01
1.800000000000000000e+01 1.600000000000000000e+01 6.970558833049164127e-01
1.800000000000000000e+01 1.700000000000000000e+01 7.864151865157897880e-01
