1.029430683210626739e+03
9.429203455210663378e+02
9.429051838990441183e+02
9.429051838990441183e+02
9.429051838990441183e+02
9.429051838990441183e+02
9.429051838990441183e+02
9.429051838990441183e+02
9.429051838990441183e+02
9.429051838990441183e+02
9.429051838990441183e+02
9.429051838505494061e+02
9.429051838505494061e+02
9.429051838505494061e+02
9.429051838505494061e+02
9.429051838505494061e+02
9.429051838505494061e+02
9.429051838505494061e+02
9.429051838505494061e+02
9.429051838505492924e+02
9.429051838505492924e+02
