1.029430683210626739e+03
9.509878306387405473e+02
9.386208709251415030e+02
9.272639371554087120e+02
9.196351895191835411e+02
9.196351895191835411e+02
9.175231737005357218e+02
9.168049658683146390e+02
9.159083626078610223e+02
9.154382315709910927e+02
9.149990187620372808e+02
9.147414941745180386e+02
9.146051997791003032e+02
9.145050586373431543e+02
9.144711712003529556e+02
9.144411831405041085e+02
9.144265718246892902e+02
9.144121276753071470e+02
9.143939041007265587e+02
9.143853173387512925e+02
9.143843773976210514e+02
