1.080079513107440789e+03
9.773880950813792197e+02
9.676491894281259647e+02
9.648262429369103756e+02
9.628863216193683456e+02
9.619204012830084594e+02
9.612470810250597424e+02
9.610868917743230213e+02
9.610042362299277556e+02
9.609448729017065034e+02
9.609071651584783922e+02
9.608935544152855073e+02
9.608806227915488307e+02
9.608742073711061948e+02
9.608718176131901600e+02
9.608706759694966877e+02
9.608693674306086905e+02
9.608690442870018842e+02
9.608687260018789402e+02
9.608686545401425292e+02
9.608685864329167998e+02
