1.029430683210626739e+03
8.946477622198738118e+02
8.946470012292259071e+02
8.946470012254467292e+02
8.946470012254467292e+02
8.946470012254467292e+02
8.946470012254467292e+02
8.946470012254467292e+02
8.946470012254467292e+02
8.946470012254467292e+02
8.946470012254467292e+02
8.946470012254467292e+02
8.946470012254467292e+02
8.946470012254467292e+02
8.946470012254467292e+02
8.946470012254467292e+02
8.946470012254467292e+02
8.946470012254467292e+02
8.946470012254467292e+02
8.946470012254467292e+02
8.946470012254467292e+02
