1.029430683210626739e+03
1.020227779530626322e+03
1.011349925743189374e+03
1.002949212998483176e+03
9.942300023228233385e+02
9.858286250431397093e+02
9.772858972716355765e+02
9.685918380856284102e+02
9.600483120195642641e+02
9.517283514182444151e+02
9.437307130402209623e+02
9.355652851222110939e+02
9.272048090950731876e+02
9.190575750338655325e+02
9.109496626204156655e+02
9.031465903256790853e+02
8.953005134846746387e+02
8.871965043455121531e+02
8.791444956491729954e+02
8.712488609800300310e+02
8.631628494834385492e+02
