1.068840715820882679e+03
9.476218566378724972e+02
9.474751956562287205e+02
9.474751956562287205e+02
9.474751956562287205e+02
9.473578668709137673e+02
9.473578668709137673e+02
9.473578668709137673e+02
9.473578668709137673e+02
9.473578668709137673e+02
9.473578668709137673e+02
9.473578668709137673e+02
9.472640038426618503e+02
9.472640038426618503e+02
9.472640038426618503e+02
9.472640038426618503e+02
9.472640038426618503e+02
9.472640038426618503e+02
9.472640038426618503e+02
9.472640038426618503e+02
9.471889134200603166e+02
