1.019933671428667139e+03
9.510599083336759350e+02
9.437047921259110126e+02
9.330332892539831846e+02
9.317636804329257529e+02
9.309141403875057676e+02
9.299439434496700869e+02
9.294194623793841856e+02
9.292017327762024479e+02
9.290970175701179414e+02
9.290482493011273846e+02
9.290289874967488686e+02
9.290157974553947042e+02
9.290067942867206057e+02
9.290063179595823613e+02
9.290044951874155004e+02
9.290034914389921141e+02
9.290030011500231240e+02
9.290028762220927092e+02
9.290026277097782668e+02
9.290025498878444523e+02
