1.029430683210626739e+03
8.163799530845274148e+02
7.893575193625937345e+02
7.885003937025140885e+02
7.884709498032036663e+02
7.884700296813501836e+02
7.884700009275420598e+02
7.884700000289857371e+02
7.884700000009056566e+02
7.884700000000283353e+02
7.884700000000009368e+02
7.884699999999999136e+02
7.884699999999999136e+02
7.884699999999999136e+02
7.884699999999999136e+02
7.884699999999999136e+02
7.884699999999999136e+02
7.884699999999999136e+02
7.884699999999999136e+02
7.884699999999999136e+02
7.884699999999999136e+02
