1.029430683210626739e+03
9.397577425464693306e+02
9.208884083113258612e+02
9.190886606191281771e+02
9.178395303243163426e+02
9.165272720069372099e+02
9.162279712714660036e+02
9.143260355465826024e+02
9.143260355465826024e+02
9.143260355465826024e+02
9.143260355465826024e+02
9.143260355465826024e+02
9.143260355465826024e+02
9.143260355465826024e+02
9.143260355465826024e+02
9.143260355465826024e+02
9.143260355465826024e+02
9.143260355465826024e+02
9.143260355465826024e+02
9.143260355465826024e+02
9.143260355465826024e+02
