1.099743340954999439e+03
1.096318737463438083e+03
1.085267727803028492e+03
1.083499202635459369e+03
1.096672658551211725e+03
1.088440370736385375e+03
1.073477205246048015e+03
1.068450833821243123e+03
1.074724187887616608e+03
1.077501103456680084e+03
1.075990022340268979e+03
1.073665967482254018e+03
1.064691665040988028e+03
1.062498514258622436e+03
1.069580781086668367e+03
1.062096226778955725e+03
1.057872586658710134e+03
1.064577284671007874e+03
1.063101664477455415e+03
1.070524475735383703e+03
1.046885536575291326e+03
