1.029430683210626739e+03
7.983547205805152771e+02
7.887788975181410933e+02
7.884796530474418432e+02
7.884703016577327617e+02
7.884700094268041539e+02
7.884700002945875212e+02
7.884700000092059327e+02
7.884700000002876550e+02
7.884700000000090085e+02
7.884700000000002547e+02
7.884699999999999136e+02
7.884699999999999136e+02
7.884699999999999136e+02
7.884699999999999136e+02
7.884699999999999136e+02
7.884699999999999136e+02
7.884699999999999136e+02
7.884699999999999136e+02
7.884699999999999136e+02
7.884699999999999136e+02
