1.029430683210626739e+03
9.659130968488109374e+02
9.646990994489386821e+02
9.212424809700867172e+02
9.212424809700867172e+02
9.212424809700867172e+02
9.212424809700867172e+02
9.212424809700867172e+02
9.212424809700867172e+02
9.212424809700867172e+02
9.212424809700867172e+02
9.212424809700867172e+02
9.212424809700867172e+02
9.212424809700867172e+02
9.212424809700867172e+02
9.212424809700867172e+02
9.212424809700867172e+02
9.212424809700867172e+02
9.212424809700867172e+02
9.205554341545133639e+02
9.205554341545133639e+02
