5.953648680640031277e-01
3.635122685785369123e-01
5.623245956465192652e-01
2.432397828735512468e-01
4.634583288998470607e-01
3.489625976722685596e-01
6.817294249123960759e-01
2.927071512947156950e-01
4.429549986380073578e-01
3.404142039171113021e-01
4.508720624085377215e-01
2.470871637769934126e-01
6.407262319534993145e-01
5.746809545779152373e-01
2.545515439579873473e-01
2.613166650176225181e-01
3.999350092659971212e-01
4.469513664888480342e-01
2.734703577930388541e-01
4.574789533836510769e-01
3.572367616051543848e-01
2.911185098244772895e-01
5.115999198499304734e-01
6.512195670565792405e-01
2.115568487622210281e-01
3.824421219525138138e-01
5.205908997061505783e-01
5.010899910431647619e-01
3.373886330095205999e-01
4.086603575505751706e-01
4.789278101267634979e-01
6.237324159284370895e-01
5.501210382294843271e-01
3.927154282178105804e-01
2.387085112025661426e-01
2.945306996635797536e-01
3.197516912980712389e-01
5.572084928385208080e-01
4.182726812024502028e-01
3.331880966622274842e-01
2.353605929104424233e-01
3.079283416732962464e-01
6.857174095025515559e-01
6.035857079429738370e-01
5.765254622281870134e-01
4.906053310489950081e-01
2.754779882597147012e-01
5.502388604004393446e-01
3.280276537407748050e-01
2.067818689935980170e-01
5.233941058420228387e-01
5.535336672732563690e-01
4.365634067341945812e-01
2.502986664705101338e-01
2.929333676051661395e-01
4.669153606930970812e-01
6.624444398379294441e-01
3.175362884734619362e-01
2.663823276953395380e-01
4.827461162988963550e-01
5.341954399751351890e-01
5.941512654869042231e-01
4.964667768794552294e-01
6.552704408066326591e-01
6.727738552974174002e-01
6.691965976353727585e-01
2.547946061130227369e-01
2.827780399254180010e-01
3.453478939278022963e-01
3.905711695332825251e-01
4.547166334047221814e-01
