1.000000000000000000e+00 2.000000000000000000e+00 5.992421625779121852e-01
1.000000000000000000e+00 3.000000000000000000e+00 6.440034511028448483e-01
1.000000000000000000e+00 4.000000000000000000e+00 7.237992988014050333e-01
1.000000000000000000e+00 5.000000000000000000e+00 6.203849166953522287e-01
1.000000000000000000e+00 6.000000000000000000e+00 7.560899987719422732e-01
1.000000000000000000e+00 7.000000000000000000e+00 6.299004453570404838e-01
8.000000000000000000e+00 4.000000000000000000e+00 5.547754530902749837e-01
8.000000000000000000e+00 5.000000000000000000e+00 6.248410827004257095e-01
8.000000000000000000e+00 9.000000000000000000e+00 6.820213822471906662e-01
1.000000000000000000e+01 3.000000000000000000e+00 5.297367097809871916e-01
1.000000000000000000e+01 9.000000000000000000e+00 5.873355761036401779e-01
1.100000000000000000e+01 1.200000000000000000e+01 7.958354459817870152e-01
1.100000000000000000e+01 1.300000000000000000e+01 6.589762527167486450e-01
1.100000000000000000e+01 1.400000000000000000e+01 5.606846243494312265e-01
1.100000000000000000e+01 1.500000000000000000e+01 7.319528639329480058e-01
1.100000000000000000e+01 1.600000000000000000e+01 7.209053641998948159e-01
1.100000000000000000e+01 1.700000000000000000e+01 5.698770461262473441e-01
1.700000000000000000e+01 1.500000000000000000e+01 7.684035547239195241e-01
1.700000000000000000e+01 1.100000000000000000e+01 6.872655956126196841e-01
1.700000000000000000e+01 1.600000000000000000e+01 6.417221461913614755e-01
1.800000000000000000e+01 1.900000000000000000e+01 6.833788629255720393e-01
1.800000000000000000e+01 2.000000000000000000e+01 6.231581082179861175e-01
1.800000000000000000e+01 2.100000000000000000e+01 5.475654980505348934e-01
1.800000000000000000e+01 5.000000000000000000e+00 5.730047319545211737e-01
1.800000000000000000e+01 2.200000000000000000e+01 5.363652725997722914e-01
1.800000000000000000e+01 2.300000000000000000e+01 7.572676161311309162e-01
2.400000000000000000e+01 1.900000000000000000e+01 6.334398913580721047e-01
2.400000000000000000e+01 2.000000000000000000e+01 7.648139596509844207e-01
2.400000000000000000e+01 4.000000000000000000e+00 6.009532381103469545e-01
2.300000000000000000e+01 1.900000000000000000e+01 7.683114941337931825e-01
2.300000000000000000e+01 2.000000000000000000e+00 5.859924756150982628e-01
2.300000000000000000e+01 2.000000000000000000e+01 5.840406679140436319e-01
2.300000000000000000e+01 2.500000000000000000e+01 7.336343559092622924e-01
9.000000000000000000e+00 2.600000000000000000e+01 7.764044446323381532e-01
9.000000000000000000e+00 2.100000000000000000e+01 5.804198597087408817e-01
9.000000000000000000e+00 4.000000000000000000e+00 7.502163048776815391e-01
9.000000000000000000e+00 5.000000000000000000e+00 5.635408854183745486e-01
9.000000000000000000e+00 2.700000000000000000e+01 6.657308162501385240e-01
9.000000000000000000e+00 2.800000000000000000e+01 7.192317509379521079e-01
2.900000000000000000e+01 1.400000000000000000e+01 6.171002236055960211e-01
2.900000000000000000e+01 1.500000000000000000e+01 5.557773494790249069e-01
1.200000000000000000e+01 1.300000000000000000e+01 6.085190735293802833e-01
1.200000000000000000e+01 1.500000000000000000e+01 6.185348602674566321e-01
1.200000000000000000e+01 3.000000000000000000e+01 7.075543131623900361e-01
1.200000000000000000e+01 1.100000000000000000e+01 5.859392350131668037e-01
1.200000000000000000e+01 3.100000000000000000e+01 6.675556375400212294e-01
1.200000000000000000e+01 3.200000000000000000e+01 6.119167702151395716e-01
1.200000000000000000e+01 3.300000000000000000e+01 7.165862931706099559e-01
1.200000000000000000e+01 3.400000000000000000e+01 5.040118823262161873e-01
2.600000000000000000e+01 2.100000000000000000e+01 5.883276026190485952e-01
2.600000000000000000e+01 4.000000000000000000e+00 5.757195259083113248e-01
2.600000000000000000e+01 5.000000000000000000e+00 5.014071490501437189e-01
1.900000000000000000e+01 2.000000000000000000e+01 6.486950660078782960e-01
1.900000000000000000e+01 2.100000000000000000e+01 5.656257907718411637e-01
1.900000000000000000e+01 4.000000000000000000e+00 6.709869040850280353e-01
1.900000000000000000e+01 5.000000000000000000e+00 5.637417786598969416e-01
1.900000000000000000e+01 1.700000000000000000e+01 6.903984212537211951e-01
1.900000000000000000e+01 1.800000000000000000e+01 7.014672479707361186e-01
2.000000000000000000e+00 1.900000000000000000e+01 5.901096034997758144e-01
2.000000000000000000e+00 4.000000000000000000e+00 6.005896801626421366e-01
2.000000000000000000e+00 5.000000000000000000e+00 7.016038530257431294e-01
3.000000000000000000e+00 1.000000000000000000e+00 5.483583389617467940e-01
3.000000000000000000e+00 2.600000000000000000e+01 7.966028232781925400e-01
3.000000000000000000e+00 2.100000000000000000e+01 5.481534762920345916e-01
3.000000000000000000e+00 4.000000000000000000e+00 5.709524472157645469e-01
1.300000000000000000e+01 1.400000000000000000e+01 5.935258371491746177e-01
1.300000000000000000e+01 3.500000000000000000e+01 7.160098187390635527e-01
1.300000000000000000e+01 1.600000000000000000e+01 7.442569692339339182e-01
1.300000000000000000e+01 3.600000000000000000e+01 7.976988829916596968e-01
1.300000000000000000e+01 3.700000000000000000e+01 5.130481382846173721e-01
2.000000000000000000e+01 1.000000000000000000e+00 7.835138158636567596e-01
2.000000000000000000e+01 1.900000000000000000e+01 7.162733968034521448e-01
2.000000000000000000e+01 5.000000000000000000e+00 6.706359802107466628e-01
2.000000000000000000e+01 2.400000000000000000e+01 5.027293802569162695e-01
2.000000000000000000e+01 2.300000000000000000e+01 7.567601619625742293e-01
1.400000000000000000e+01 1.200000000000000000e+01 7.461990110543894605e-01
1.400000000000000000e+01 1.300000000000000000e+01 5.743407244632318109e-01
1.400000000000000000e+01 1.500000000000000000e+01 5.090528116203524300e-01
1.500000000000000000e+01 1.200000000000000000e+01 6.427144418671538739e-01
1.500000000000000000e+01 2.600000000000000000e+01 7.259079227852452965e-01
1.500000000000000000e+01 1.300000000000000000e+01 5.589043384370706580e-01
1.500000000000000000e+01 1.400000000000000000e+01 5.515893513364249490e-01
1.500000000000000000e+01 3.800000000000000000e+01 6.991341526435926879e-01
1.500000000000000000e+01 1.100000000000000000e+01 5.292001698471745508e-01
1.500000000000000000e+01 1.700000000000000000e+01 5.509989929057951263e-01
1.500000000000000000e+01 9.000000000000000000e+00 7.188751949214299275e-01
2.100000000000000000e+01 2.600000000000000000e+01 6.416618921350967231e-01
2.100000000000000000e+01 1.500000000000000000e+01 7.542054844980582429e-01
2.100000000000000000e+01 4.000000000000000000e+00 5.248197266873878553e-01
2.100000000000000000e+01 5.000000000000000000e+00 6.106904753679102127e-01
2.100000000000000000e+01 3.900000000000000000e+01 7.694514160779151180e-01
2.100000000000000000e+01 1.800000000000000000e+01 7.366147450913631545e-01
2.100000000000000000e+01 9.000000000000000000e+00 7.439127112733728842e-01
4.000000000000000000e+00 2.100000000000000000e+01 6.510319665711035153e-01
4.000000000000000000e+00 5.000000000000000000e+00 7.592674409798142454e-01
4.000000000000000000e+00 3.900000000000000000e+01 7.488995472054267299e-01
4.000000000000000000e+00 2.700000000000000000e+01 7.386477216903760690e-01
4.000000000000000000e+00 6.000000000000000000e+00 5.547666498869405771e-01
4.000000000000000000e+00 7.000000000000000000e+00 5.825643155679861573e-01
5.000000000000000000e+00 2.100000000000000000e+01 7.237392425950583963e-01
5.000000000000000000e+00 4.000000000000000000e+00 6.207887994386029895e-01
5.000000000000000000e+00 2.500000000000000000e+01 7.981811279465443887e-01
5.000000000000000000e+00 3.900000000000000000e+01 5.325449620914917137e-01
5.000000000000000000e+00 2.700000000000000000e+01 5.733771191325222061e-01
4.000000000000000000e+01 4.100000000000000000e+01 6.617380931358518570e-01
4.000000000000000000e+01 1.600000000000000000e+01 5.319174839930065346e-01
4.000000000000000000e+01 3.200000000000000000e+01 6.119890341435625380e-01
4.000000000000000000e+01 3.300000000000000000e+01 6.580327676950969984e-01
4.000000000000000000e+01 3.400000000000000000e+01 6.936800257252836444e-01
4.000000000000000000e+01 4.200000000000000000e+01 7.915636807263188857e-01
4.000000000000000000e+01 3.600000000000000000e+01 5.556210705630363345e-01
4.000000000000000000e+01 4.300000000000000000e+01 7.036798762013923847e-01
4.000000000000000000e+01 4.400000000000000000e+01 5.126549472253473239e-01
4.000000000000000000e+01 3.700000000000000000e+01 5.028548145536166913e-01
4.000000000000000000e+01 4.500000000000000000e+01 6.595767877646180333e-01
4.000000000000000000e+01 4.600000000000000000e+01 5.032545074372102301e-01
4.700000000000000000e+01 2.500000000000000000e+01 7.657933463111332717e-01
4.700000000000000000e+01 2.700000000000000000e+01 6.527678107333776403e-01
4.800000000000000000e+01 4.900000000000000000e+01 7.083902077527430841e-01
4.800000000000000000e+01 5.000000000000000000e+01 5.946837751523963433e-01
4.800000000000000000e+01 5.100000000000000000e+01 6.050011211162946712e-01
4.800000000000000000e+01 5.200000000000000000e+01 6.886070503961014833e-01
4.800000000000000000e+01 5.300000000000000000e+01 5.287943370968060108e-01
4.800000000000000000e+01 5.400000000000000000e+01 7.295341367408118005e-01
4.800000000000000000e+01 4.100000000000000000e+01 5.045281591748599359e-01
4.800000000000000000e+01 3.500000000000000000e+01 5.223910307331044445e-01
4.800000000000000000e+01 3.100000000000000000e+01 7.528424571917249342e-01
3.800000000000000000e+01 1.400000000000000000e+01 6.560704309167491033e-01
3.800000000000000000e+01 5.200000000000000000e+01 5.782184432325991885e-01
3.800000000000000000e+01 5.500000000000000000e+01 5.101242563201753288e-01
3.800000000000000000e+01 4.100000000000000000e+01 7.685373212934998310e-01
3.800000000000000000e+01 1.600000000000000000e+01 7.213114832571645429e-01
3.800000000000000000e+01 1.700000000000000000e+01 5.732108359927969854e-01
2.500000000000000000e+01 5.000000000000000000e+00 5.824745664942763135e-01
2.500000000000000000e+01 3.900000000000000000e+01 5.904026965094613111e-01
2.500000000000000000e+01 5.400000000000000000e+01 5.687891023127956691e-01
2.200000000000000000e+01 1.900000000000000000e+01 6.752888553372413671e-01
2.200000000000000000e+01 3.000000000000000000e+01 5.410821245903361110e-01
2.200000000000000000e+01 5.300000000000000000e+01 5.988403588246830056e-01
2.200000000000000000e+01 3.900000000000000000e+01 6.561361252869634120e-01
2.200000000000000000e+01 3.100000000000000000e+01 5.053390163459889894e-01
4.900000000000000000e+01 5.200000000000000000e+01 7.994495929054675765e-01
4.900000000000000000e+01 5.500000000000000000e+01 6.807597477264898389e-01
4.900000000000000000e+01 5.600000000000000000e+01 5.653673071114462267e-01
5.700000000000000000e+01 2.900000000000000000e+01 7.409938871369485813e-01
5.700000000000000000e+01 4.000000000000000000e+01 7.359610310466326855e-01
5.700000000000000000e+01 5.500000000000000000e+01 7.635300782776437423e-01
5.700000000000000000e+01 4.100000000000000000e+01 7.796351576831112018e-01
5.700000000000000000e+01 3.200000000000000000e+01 5.812511093910758264e-01
5.000000000000000000e+01 4.800000000000000000e+01 7.438586980582839736e-01
5.000000000000000000e+01 2.200000000000000000e+01 5.620777171090163282e-01
5.000000000000000000e+01 3.000000000000000000e+01 5.306595482914540085e-01
5.000000000000000000e+01 5.300000000000000000e+01 5.846761668135777024e-01
5.000000000000000000e+01 3.900000000000000000e+01 7.178162308361143440e-01
5.000000000000000000e+01 5.400000000000000000e+01 6.606565006562975517e-01
5.000000000000000000e+01 1.600000000000000000e+01 5.146409698380609576e-01
5.000000000000000000e+01 3.600000000000000000e+01 6.280073236784384783e-01
3.000000000000000000e+01 5.300000000000000000e+01 5.384725883448617800e-01
3.000000000000000000e+01 3.500000000000000000e+01 7.403485350992344838e-01
3.000000000000000000e+01 3.100000000000000000e+01 7.774361388127577488e-01
3.000000000000000000e+01 1.600000000000000000e+01 6.951731548976023412e-01
5.100000000000000000e+01 5.400000000000000000e+01 6.016835572050581726e-01
5.100000000000000000e+01 5.800000000000000000e+01 6.893867613660895621e-01
5.200000000000000000e+01 4.900000000000000000e+01 5.429752723627337962e-01
5.200000000000000000e+01 5.600000000000000000e+01 7.229500431342180677e-01
5.300000000000000000e+01 2.200000000000000000e+01 5.047334499549117615e-01
5.300000000000000000e+01 5.000000000000000000e+01 7.520213028451552262e-01
5.300000000000000000e+01 3.000000000000000000e+01 5.256007750417603930e-01
5.300000000000000000e+01 3.500000000000000000e+01 7.136755905752822926e-01
5.300000000000000000e+01 3.100000000000000000e+01 6.625218831661014995e-01
5.300000000000000000e+01 1.600000000000000000e+01 7.313334484214293330e-01
5.500000000000000000e+01 3.800000000000000000e+01 5.515933504164832746e-01
5.500000000000000000e+01 4.900000000000000000e+01 7.419910429006574271e-01
5.500000000000000000e+01 5.700000000000000000e+01 6.915243809222598736e-01
5.500000000000000000e+01 4.100000000000000000e+01 7.887944021131478856e-01
3.900000000000000000e+01 4.000000000000000000e+00 5.027632216014363831e-01
3.900000000000000000e+01 5.000000000000000000e+00 7.958308661710220555e-01
3.900000000000000000e+01 2.500000000000000000e+01 5.799477948716074138e-01
3.900000000000000000e+01 5.400000000000000000e+01 6.290965053782489047e-01
3.900000000000000000e+01 2.700000000000000000e+01 7.456086293213968208e-01
3.900000000000000000e+01 7.000000000000000000e+00 6.143246958693312498e-01
5.400000000000000000e+01 2.500000000000000000e+01 5.550759611311580910e-01
5.400000000000000000e+01 2.200000000000000000e+01 5.605181145587271319e-01
5.400000000000000000e+01 5.100000000000000000e+01 6.837829732773259561e-01
5.400000000000000000e+01 3.900000000000000000e+01 6.482580483319435594e-01
5.400000000000000000e+01 5.800000000000000000e+01 5.752801647236167604e-01
5.400000000000000000e+01 5.900000000000000000e+01 5.992547871448662411e-01
5.400000000000000000e+01 2.800000000000000000e+01 6.616215008900330208e-01
4.100000000000000000e+01 3.800000000000000000e+01 6.342723995976993212e-01
4.100000000000000000e+01 4.900000000000000000e+01 5.123818066675792648e-01
4.100000000000000000e+01 5.200000000000000000e+01 6.738442408956701879e-01
4.100000000000000000e+01 5.500000000000000000e+01 5.637941227140396139e-01
3.500000000000000000e+01 1.300000000000000000e+01 6.792410159949320292e-01
3.500000000000000000e+01 3.000000000000000000e+01 7.017752043432581299e-01
3.500000000000000000e+01 3.100000000000000000e+01 5.885522656677288911e-01
3.500000000000000000e+01 1.600000000000000000e+01 7.679015812738996249e-01
3.500000000000000000e+01 3.700000000000000000e+01 5.699056338792467535e-01
3.100000000000000000e+01 2.200000000000000000e+01 5.768989439374756500e-01
3.100000000000000000e+01 5.300000000000000000e+01 7.493416356012403412e-01
3.100000000000000000e+01 3.500000000000000000e+01 6.429607884834585008e-01
3.100000000000000000e+01 1.600000000000000000e+01 6.251439205311458691e-01
3.100000000000000000e+01 3.700000000000000000e+01 6.867714145762195965e-01
1.600000000000000000e+01 3.000000000000000000e+01 5.693729684336485963e-01
1.600000000000000000e+01 3.500000000000000000e+01 7.890986819971461674e-01
1.600000000000000000e+01 3.100000000000000000e+01 5.412896512051293962e-01
1.600000000000000000e+01 3.700000000000000000e+01 7.963852325587894576e-01
6.000000000000000000e+01 6.100000000000000000e+01 7.265561994220990361e-01
6.000000000000000000e+01 3.200000000000000000e+01 7.593505141694052440e-01
6.200000000000000000e+01 6.300000000000000000e+01 6.609235667870134723e-01
6.200000000000000000e+01 2.700000000000000000e+01 6.446789197725060205e-01
6.200000000000000000e+01 6.000000000000000000e+00 6.662005290993476825e-01
6.200000000000000000e+01 7.000000000000000000e+00 5.350633030878717555e-01
6.200000000000000000e+01 6.400000000000000000e+01 6.882467348740185509e-01
6.200000000000000000e+01 2.800000000000000000e+01 6.639597918644430941e-01
5.800000000000000000e+01 5.100000000000000000e+01 7.510017838069393825e-01
5.800000000000000000e+01 5.400000000000000000e+01 6.479241859180425722e-01
5.800000000000000000e+01 6.300000000000000000e+01 5.052969293543175811e-01
5.800000000000000000e+01 2.700000000000000000e+01 7.112828577558873988e-01
5.800000000000000000e+01 6.000000000000000000e+00 5.446637759331771633e-01
5.800000000000000000e+01 7.000000000000000000e+00 5.358319335729057054e-01
5.800000000000000000e+01 5.900000000000000000e+01 6.371709760464778771e-01
6.100000000000000000e+01 6.000000000000000000e+01 6.634366338286338260e-01
6.100000000000000000e+01 5.600000000000000000e+01 7.936574878017677026e-01
6.100000000000000000e+01 3.300000000000000000e+01 5.303139505559812950e-01
6.100000000000000000e+01 3.400000000000000000e+01 6.828472829073868322e-01
5.600000000000000000e+01 4.900000000000000000e+01 7.424683521911519257e-01
5.600000000000000000e+01 6.200000000000000000e+01 6.187570036207108437e-01
5.600000000000000000e+01 6.300000000000000000e+01 5.575483309748249239e-01
5.600000000000000000e+01 3.200000000000000000e+01 6.905984237528496328e-01
5.600000000000000000e+01 2.700000000000000000e+01 5.206611732658141811e-01
5.600000000000000000e+01 3.300000000000000000e+01 7.144144819748752262e-01
5.600000000000000000e+01 3.400000000000000000e+01 6.087397764181299298e-01
5.600000000000000000e+01 6.000000000000000000e+00 6.144801644315295297e-01
5.600000000000000000e+01 7.000000000000000000e+00 5.494832007113442662e-01
6.300000000000000000e+01 6.100000000000000000e+01 7.770872902559029516e-01
6.300000000000000000e+01 2.700000000000000000e+01 7.529640485277622197e-01
6.300000000000000000e+01 3.300000000000000000e+01 7.862083874770022796e-01
6.300000000000000000e+01 3.400000000000000000e+01 7.558668191321917806e-01
6.300000000000000000e+01 6.000000000000000000e+00 6.134359605223895784e-01
6.300000000000000000e+01 7.000000000000000000e+00 5.639205607100062911e-01
6.300000000000000000e+01 2.800000000000000000e+01 5.747302828703775290e-01
6.300000000000000000e+01 4.600000000000000000e+01 5.312925353913371396e-01
3.200000000000000000e+01 4.000000000000000000e+01 7.815942607080098581e-01
3.200000000000000000e+01 6.100000000000000000e+01 5.849994149494895934e-01
3.200000000000000000e+01 3.300000000000000000e+01 6.780576710857471046e-01
3.200000000000000000e+01 3.400000000000000000e+01 7.147754397011156779e-01
3.200000000000000000e+01 3.700000000000000000e+01 5.670474829397986749e-01
2.700000000000000000e+01 4.000000000000000000e+00 6.175648968579614539e-01
2.700000000000000000e+01 5.000000000000000000e+00 7.694136026057929456e-01
2.700000000000000000e+01 6.200000000000000000e+01 5.620545546135059523e-01
2.700000000000000000e+01 5.600000000000000000e+01 6.882688556091440812e-01
2.700000000000000000e+01 6.000000000000000000e+00 6.422428248201695888e-01
2.700000000000000000e+01 7.000000000000000000e+00 6.181242748182879110e-01
2.700000000000000000e+01 2.800000000000000000e+01 5.881723475246758426e-01
3.300000000000000000e+01 6.100000000000000000e+01 5.913631364916693833e-01
3.300000000000000000e+01 5.600000000000000000e+01 7.842944968058009891e-01
3.300000000000000000e+01 6.300000000000000000e+01 5.821124911597256313e-01
3.300000000000000000e+01 3.200000000000000000e+01 5.136641814293478880e-01
3.300000000000000000e+01 3.400000000000000000e+01 6.673253896925542827e-01
3.300000000000000000e+01 7.000000000000000000e+00 6.319629919876637025e-01
3.300000000000000000e+01 3.700000000000000000e+01 7.902377458676311806e-01
3.400000000000000000e+01 3.200000000000000000e+01 6.161278359574108299e-01
3.400000000000000000e+01 3.300000000000000000e+01 5.878889755270271245e-01
3.400000000000000000e+01 7.000000000000000000e+00 6.008439277279543633e-01
3.400000000000000000e+01 4.300000000000000000e+01 5.903321227794170456e-01
3.400000000000000000e+01 2.800000000000000000e+01 6.470400175785973040e-01
6.000000000000000000e+00 6.200000000000000000e+01 6.616823666961870742e-01
6.000000000000000000e+00 6.300000000000000000e+01 6.176548940902439888e-01
6.000000000000000000e+00 2.700000000000000000e+01 7.730560980648393254e-01
6.000000000000000000e+00 7.000000000000000000e+00 7.844396993063180723e-01
6.000000000000000000e+00 4.300000000000000000e+01 7.574922686815556139e-01
6.000000000000000000e+00 4.500000000000000000e+01 7.058421904204341679e-01
6.000000000000000000e+00 2.800000000000000000e+01 7.141591790796022465e-01
6.000000000000000000e+00 4.600000000000000000e+01 6.087268959694180914e-01
7.000000000000000000e+00 6.200000000000000000e+01 5.480381542359131775e-01
7.000000000000000000e+00 6.300000000000000000e+01 5.070524703961196700e-01
7.000000000000000000e+00 3.300000000000000000e+01 7.199155292231714798e-01
7.000000000000000000e+00 3.400000000000000000e+01 6.805302070527936564e-01
7.000000000000000000e+00 6.000000000000000000e+00 5.360502725571220095e-01
6.500000000000000000e+01 3.600000000000000000e+01 6.464942989000455054e-01
6.500000000000000000e+01 6.600000000000000000e+01 7.787536403053968437e-01
6.500000000000000000e+01 6.700000000000000000e+01 7.484176221266208850e-01
6.500000000000000000e+01 3.700000000000000000e+01 5.899460831765509505e-01
6.500000000000000000e+01 2.800000000000000000e+01 6.909863579064856598e-01
6.500000000000000000e+01 4.600000000000000000e+01 5.938434916872618041e-01
6.400000000000000000e+01 6.200000000000000000e+01 6.423461803932067893e-01
6.400000000000000000e+01 6.300000000000000000e+01 6.470613605153840986e-01
6.400000000000000000e+01 2.700000000000000000e+01 7.671473927069962784e-01
6.400000000000000000e+01 7.000000000000000000e+00 6.955491653092551463e-01
6.400000000000000000e+01 6.800000000000000000e+01 5.516297758136913254e-01
6.400000000000000000e+01 2.800000000000000000e+01 7.517972718870693516e-01
6.400000000000000000e+01 4.600000000000000000e+01 7.946697672126873391e-01
6.900000000000000000e+01 7.000000000000000000e+01 5.327474675645473834e-01
6.900000000000000000e+01 4.400000000000000000e+01 7.726100308244432391e-01
5.900000000000000000e+01 5.400000000000000000e+01 5.238131397075640461e-01
5.900000000000000000e+01 5.600000000000000000e+01 5.216798577318515484e-01
5.900000000000000000e+01 6.300000000000000000e+01 5.538081075927145935e-01
5.900000000000000000e+01 6.000000000000000000e+00 5.179483369608925969e-01
5.900000000000000000e+01 7.000000000000000000e+00 6.467650765148016401e-01
5.900000000000000000e+01 6.500000000000000000e+01 5.194852428248852849e-01
5.900000000000000000e+01 3.700000000000000000e+01 7.062016733445738437e-01
4.200000000000000000e+01 6.900000000000000000e+01 7.338783754837646667e-01
4.200000000000000000e+01 7.000000000000000000e+01 7.630163101961440208e-01
4.200000000000000000e+01 3.600000000000000000e+01 5.670472709529823518e-01
4.200000000000000000e+01 4.400000000000000000e+01 5.842623126455321891e-01
4.200000000000000000e+01 2.800000000000000000e+01 7.726977905122783818e-01
4.200000000000000000e+01 4.600000000000000000e+01 7.018869707071730968e-01
7.000000000000000000e+01 6.900000000000000000e+01 5.049231423867098778e-01
7.000000000000000000e+01 4.400000000000000000e+01 7.975330524468653426e-01
7.000000000000000000e+01 6.800000000000000000e+01 5.824364996866113753e-01
3.600000000000000000e+01 4.200000000000000000e+01 5.118372343831520954e-01
3.600000000000000000e+01 4.400000000000000000e+01 5.513022428958538335e-01
3.600000000000000000e+01 2.800000000000000000e+01 5.920208515777103386e-01
4.300000000000000000e+01 6.800000000000000000e+01 5.741017229936666855e-01
4.300000000000000000e+01 6.700000000000000000e+01 7.126308549152142735e-01
4.300000000000000000e+01 4.500000000000000000e+01 6.857047945648503395e-01
4.300000000000000000e+01 2.800000000000000000e+01 6.205586511154000950e-01
4.300000000000000000e+01 4.600000000000000000e+01 7.452244610617705378e-01
6.600000000000000000e+01 6.800000000000000000e+01 7.259489939029143413e-01
6.600000000000000000e+01 6.700000000000000000e+01 7.235559117269122487e-01
6.600000000000000000e+01 4.500000000000000000e+01 7.672816810519957897e-01
6.600000000000000000e+01 2.800000000000000000e+01 5.248323054056180936e-01
6.600000000000000000e+01 4.600000000000000000e+01 7.430518156946520625e-01
4.400000000000000000e+01 4.200000000000000000e+01 5.965188021037985955e-01
4.400000000000000000e+01 3.600000000000000000e+01 6.155620542429254272e-01
4.400000000000000000e+01 6.700000000000000000e+01 7.634740601357862255e-01
4.400000000000000000e+01 3.700000000000000000e+01 5.678172920097406262e-01
4.400000000000000000e+01 2.800000000000000000e+01 5.828142142894230382e-01
4.400000000000000000e+01 4.600000000000000000e+01 6.346308536049415361e-01
6.800000000000000000e+01 4.300000000000000000e+01 5.485717076553464633e-01
6.800000000000000000e+01 6.600000000000000000e+01 5.945361477169718301e-01
6.800000000000000000e+01 6.700000000000000000e+01 5.310620832027178606e-01
6.800000000000000000e+01 4.500000000000000000e+01 5.556940292545604620e-01
6.800000000000000000e+01 2.800000000000000000e+01 5.168542529904655014e-01
6.800000000000000000e+01 4.600000000000000000e+01 5.274072208982748533e-01
6.700000000000000000e+01 4.200000000000000000e+01 5.424135010144387481e-01
6.700000000000000000e+01 4.300000000000000000e+01 6.290764512115233353e-01
6.700000000000000000e+01 6.600000000000000000e+01 5.664124204186034017e-01
6.700000000000000000e+01 6.800000000000000000e+01 6.178162412216250399e-01
6.700000000000000000e+01 4.500000000000000000e+01 6.375957020457450053e-01
6.700000000000000000e+01 2.800000000000000000e+01 6.361018528406446881e-01
6.700000000000000000e+01 4.600000000000000000e+01 7.951087386247690514e-01
3.700000000000000000e+01 5.700000000000000000e+01 7.790970658029868767e-01
3.700000000000000000e+01 7.000000000000000000e+01 5.353252733423383702e-01
3.700000000000000000e+01 3.600000000000000000e+01 6.903172209798380532e-01
3.700000000000000000e+01 4.400000000000000000e+01 7.158423509845234234e-01
3.700000000000000000e+01 2.800000000000000000e+01 6.304204835575639709e-01
3.700000000000000000e+01 4.600000000000000000e+01 6.192443470485793355e-01
4.500000000000000000e+01 4.300000000000000000e+01 5.561465418823505757e-01
4.500000000000000000e+01 6.600000000000000000e+01 7.277507816630925941e-01
4.500000000000000000e+01 6.800000000000000000e+01 7.566546588172378129e-01
4.500000000000000000e+01 6.700000000000000000e+01 6.064263196430659253e-01
4.500000000000000000e+01 4.600000000000000000e+01 5.871803360624887613e-01
2.800000000000000000e+01 4.300000000000000000e+01 6.357499056401054727e-01
2.800000000000000000e+01 6.800000000000000000e+01 7.443215505966050971e-01
2.800000000000000000e+01 6.700000000000000000e+01 6.074986347451383217e-01
2.800000000000000000e+01 4.500000000000000000e+01 5.920054355217791997e-01
2.800000000000000000e+01 4.600000000000000000e+01 7.556874358810503622e-01
4.600000000000000000e+01 6.500000000000000000e+01 7.081301262496191296e-01
4.600000000000000000e+01 3.600000000000000000e+01 5.455861645090982481e-01
4.600000000000000000e+01 4.300000000000000000e+01 7.616123791419104894e-01
4.600000000000000000e+01 6.600000000000000000e+01 7.347400350902182353e-01
4.600000000000000000e+01 6.800000000000000000e+01 7.594426791274404565e-01
4.600000000000000000e+01 6.700000000000000000e+01 5.935610070233532376e-01
4.600000000000000000e+01 4.500000000000000000e+01 7.368106534574165867e-01
4.600000000000000000e+01 2.800000000000000000e+01 5.278266627041793280e-01
