4.143907687984613730e-01
8.243612317976096726e-01
3.532198602329036374e-01
5.761422702843418397e-01
7.539897712932233098e-01
7.897097446136644994e-01
9.205342662016302580e-02
3.365282643753020331e-02
8.865509541597125232e-01
3.116487324193809583e-01
2.655334366762616138e-01
9.642930052946595554e-01
5.957960852723487299e-02
1.641870030817885739e-01
9.196462656683898063e-01
7.861750206506611383e-01
4.716850150344933379e-01
3.923269544929525177e-01
2.603689275790863622e-01
1.258807962151249349e-01
4.468629982545546664e-02
7.987155891568755717e-01
5.174239548997371374e-01
2.103926924825658684e-01
1.033982982637950965e-01
5.627707846899675515e-01
7.396671323842800572e-01
2.894190325882971537e-01
3.251706454325509199e-02
6.151979267130897044e-01
5.739390681566584052e-01
8.669163392036586258e-01
4.653274574551686804e-01
4.069338279892564803e-01
2.107185985148554153e-01
4.708391913890555003e-01
1.849325163961474949e-01
7.255050609780703263e-01
8.237983928870014072e-01
4.922925836547178413e-01
3.596833032567562372e-01
7.004999427635106857e-01
5.302617710158777919e-01
8.026683418916134016e-01
6.587351542310062591e-01
1.149935132773501900e-01
5.550898980098228908e-01
1.143221082669427791e-01
2.542117676394843873e-01
5.636933383359878924e-01
3.808824348079814515e-01
4.645237426312701645e-01
4.180932559736313392e-01
8.588778871596616238e-01
4.876387944466779034e-01
2.048510447036800963e-01
5.843999116098054225e-01
3.812897550411775693e-01
4.856125132869426597e-01
9.701946708686389753e-01
8.204243526931980224e-01
9.845096173520507810e-01
9.271903407278747622e-02
6.566998095775692379e-01
2.976831919326025089e-01
5.439985681871659651e-01
5.599911422693406582e-01
6.427627666018418395e-01
6.015651457186238504e-01
2.111227776307033066e-01
9.618716557668351985e-01
