6.360264023308115355e-01
6.020321094668301676e-01
6.050618472690048044e-01
6.560877195148638874e-01
6.766746547165448655e-01
6.244462262126979635e-01
6.572622899486113557e-01
6.645451227324773447e-01
6.086041930792196464e-01
6.064626299543081078e-01
6.486762764953980520e-01
6.217318137069293149e-01
6.110035729214740030e-01
6.492403642741384484e-01
6.759335900064564751e-01
6.089660495838273846e-01
6.265204293839850003e-01
6.301557139123382667e-01
6.313036413914593359e-01
6.418635158091522408e-01
6.890919103986012928e-01
6.797708380801549266e-01
6.657624792043164152e-01
6.641646192025195683e-01
6.513036495014083993e-01
6.096451848574275800e-01
6.927978333842940151e-01
6.908945466500790999e-01
6.668222655691170564e-01
6.271427307023506037e-01
6.257252210535698689e-01
6.237716484466074851e-01
6.797734929540844018e-01
6.469074097054771100e-01
6.528262197657712651e-01
6.057701420736337772e-01
6.696037793652052095e-01
6.866646731140746418e-01
6.398794847042659217e-01
6.461915454427598071e-01
6.024931962472258595e-01
6.384604738969487103e-01
6.452130285935016030e-01
6.736750956986999883e-01
6.281777618871751123e-01
6.012726779470941585e-01
6.019147814469509861e-01
6.583776635415503620e-01
6.478367934962311336e-01
6.141383191409641729e-01
6.993238779545286610e-01
6.447321125934597497e-01
6.469877637019711969e-01
6.692614537793337703e-01
6.804312671265091428e-01
6.513977320505541790e-01
6.133890768979063379e-01
6.611002914798977947e-01
6.093447489730295930e-01
6.478068957530500604e-01
6.809308888272771476e-01
6.347931691828686551e-01
6.861700950112898933e-01
6.810922936785394066e-01
6.302254813022882818e-01
6.197688357539603565e-01
6.965913663443090709e-01
6.992386448366291196e-01
6.481866446594081177e-01
6.021739859782453408e-01
6.538617796405098437e-01
