6.230322204748481862e-01
6.858181691050927453e-01
6.654902697462190542e-01
6.406485531183813142e-01
6.466673294437448316e-01
6.912055534916813349e-01
6.798222988688937818e-01
6.717082383966896941e-01
6.514761947265859110e-01
6.809060847502845792e-01
6.005533321351430587e-01
6.534814780267619305e-01
6.845277392776064618e-01
6.520812315426249839e-01
6.327631405743255888e-01
6.000350235274118926e-01
6.916810919897758980e-01
6.979843648162878944e-01
6.130316994449270807e-01
6.756213146278705617e-01
6.970854135381443495e-01
6.192306462600413175e-01
6.637502477914482002e-01
6.212060250180855281e-01
6.929592561611233048e-01
6.955592901829206198e-01
6.443637832617675754e-01
6.085818037993733221e-01
6.237176447399438439e-01
6.309996518149311173e-01
6.913463978508835872e-01
6.314852459900938131e-01
6.863298318485608895e-01
6.249115111510714637e-01
6.011784881983590623e-01
6.736754743925753575e-01
6.373797869436488295e-01
6.598141103836028254e-01
6.383080412378321356e-01
6.918623284077332070e-01
6.516738410200235698e-01
