5.832572507201062573e-01
4.385073904718668203e-01
2.240290780482641630e-01
4.940212969622885808e-01
4.029559128529024425e-01
2.734608189819749402e-01
6.152554052168084375e-01
3.211424752411305983e-01
2.120872201326075568e-01
5.355716570102666552e-01
5.962243508149864812e-01
4.786939469907045552e-01
5.537396204877421679e-01
5.516013702594315671e-01
6.419772455796947108e-01
2.423543157562776384e-01
5.520628458337828448e-01
2.953604858217513951e-01
2.420894580356985348e-01
4.300311785156863964e-01
4.728628958775057955e-01
3.069432660821856396e-01
3.183864467170646195e-01
5.287155133908942872e-01
5.371317294493180849e-01
4.712126929816957688e-01
3.131157266148224538e-01
4.734367191722252954e-01
6.820636892606113388e-01
2.145210162515932550e-01
6.377445683550347910e-01
6.364144381613943136e-01
2.489928251296505413e-01
6.140243532196949516e-01
4.385196134334519158e-01
3.720451203875396740e-01
4.316976063949811149e-01
5.919838647609307891e-01
3.257091027604629430e-01
5.073728750418959876e-01
4.470448532741178038e-01
