8.356560929497617307e-01
8.994996261105560054e-01
1.683101108270779189e-01
3.173930463583158890e-01
5.804656616530570190e-01
4.674903136263486303e-01
3.009334551696328797e-01
3.334438293172690138e-01
2.186642090649036918e-01
3.820293232427977026e-01
4.020735798044711151e-01
5.940727652894978172e-01
8.764484119962984154e-01
8.757351297635657117e-01
6.796870251294435672e-01
9.232138537631368047e-01
5.368615892781236631e-01
9.295701441828265743e-01
1.744384780976472316e-01
3.537973709310180404e-01
6.755791746774137962e-01
2.490962373034730781e-01
3.273804834091927907e-01
7.718654982631387718e-01
5.959717471192285121e-01
8.802811635337890461e-01
3.206342405547957242e-02
2.939937887199077782e-01
8.297018662485800000e-02
8.194114263232501472e-01
6.923675688728290201e-01
2.869958367771099361e-01
8.088942103370920789e-01
3.150091867714811533e-01
4.761628644205895267e-01
6.671511261874693011e-01
1.468005774050505918e-01
6.658349112943402481e-01
2.173230245496985402e-01
1.625471143422223541e-01
5.972437146160824994e-02
