1.000000000000000000e+00 2.000000000000000000e+00 5.415714205313247875e-01
1.000000000000000000e+00 3.000000000000000000e+00 6.561475759703818689e-01
1.000000000000000000e+00 4.000000000000000000e+00 6.509824985383353413e-01
1.000000000000000000e+00 5.000000000000000000e+00 5.094312907811693325e-01
1.000000000000000000e+00 6.000000000000000000e+00 6.291694133314564841e-01
1.000000000000000000e+00 7.000000000000000000e+00 5.331609942251097634e-01
1.000000000000000000e+00 8.000000000000000000e+00 7.822491091196511759e-01
1.000000000000000000e+00 9.000000000000000000e+00 6.596451201507277373e-01
2.000000000000000000e+00 1.000000000000000000e+01 5.328048713928875690e-01
4.000000000000000000e+00 1.100000000000000000e+01 7.923109303965560901e-01
4.000000000000000000e+00 1.200000000000000000e+01 6.118305096311105196e-01
1.300000000000000000e+01 6.000000000000000000e+00 6.436659762884515690e-01
6.000000000000000000e+00 1.400000000000000000e+01 7.581462549137452100e-01
8.000000000000000000e+00 1.500000000000000000e+01 5.478106649274814277e-01
8.000000000000000000e+00 1.600000000000000000e+01 5.116760659512430420e-01
8.000000000000000000e+00 1.700000000000000000e+01 7.197356637872117657e-01
1.600000000000000000e+01 1.800000000000000000e+01 5.520149062320650613e-01
1.700000000000000000e+01 1.900000000000000000e+01 5.262255900362836636e-01
1.700000000000000000e+01 2.000000000000000000e+01 6.773818453903645009e-01
1.700000000000000000e+01 2.100000000000000000e+01 7.647398421977296135e-01
1.700000000000000000e+01 2.200000000000000000e+01 6.697734373796448981e-01
2.000000000000000000e+01 2.300000000000000000e+01 5.048588926885951844e-01
2.000000000000000000e+01 2.400000000000000000e+01 7.729641684433894433e-01
2.100000000000000000e+01 2.500000000000000000e+01 7.856549982057066117e-01
2.100000000000000000e+01 2.600000000000000000e+01 5.112543589949016809e-01
2.500000000000000000e+01 2.700000000000000000e+01 5.001211547389822210e-01
2.600000000000000000e+01 2.800000000000000000e+01 5.418559427586305821e-01
2.600000000000000000e+01 2.900000000000000000e+01 7.938762621628377980e-01
2.800000000000000000e+01 2.900000000000000000e+01 7.980754539778814882e-01
2.900000000000000000e+01 3.000000000000000000e+01 6.623597069705300378e-01
2.200000000000000000e+01 3.100000000000000000e+01 6.938307302571549151e-01
2.200000000000000000e+01 1.400000000000000000e+01 7.803208309654073860e-01
3.100000000000000000e+01 3.200000000000000000e+01 6.570622487952629820e-01
1.100000000000000000e+01 3.300000000000000000e+01 7.157658727918543295e-01
1.100000000000000000e+01 3.400000000000000000e+01 7.566037656137982736e-01
1.100000000000000000e+01 3.500000000000000000e+01 5.661507903493764315e-01
1.100000000000000000e+01 3.600000000000000000e+01 6.832437187280310242e-01
3.500000000000000000e+01 3.700000000000000000e+01 7.464797933927930229e-01
1.200000000000000000e+01 3.800000000000000000e+01 6.387329576385570862e-01
1.200000000000000000e+01 3.900000000000000000e+01 5.429439428330695705e-01
3.900000000000000000e+01 4.000000000000000000e+01 5.790506481651293003e-01
