2.498861207208618680e+02
2.309494645599509113e+02
2.305802084502525702e+02
2.295710751464630448e+02
2.287751138176128620e+02
2.284465977360383135e+02
2.281687738575351716e+02
2.280772630486725632e+02
2.280228587707951533e+02
2.279932842529584889e+02
2.279832458400249777e+02
2.279750003185392302e+02
2.279711432504293498e+02
2.279696050410066448e+02
2.279685571901743231e+02
2.279682971718555962e+02
2.279681986570252548e+02
2.279681422535464321e+02
2.279681238134216983e+02
2.279681068774744404e+02
2.279680984287417118e+02
