2.572797842729578406e+02
2.214769873658026142e+02
2.214769873658026142e+02
2.214769873658026142e+02
2.214769873658026142e+02
2.214769873658026142e+02
2.214769873658026142e+02
2.214769873658026142e+02
2.214769873658026142e+02
2.214769873658026142e+02
2.214769873658026142e+02
2.214769873658026142e+02
2.214769873658026142e+02
2.214769873658026142e+02
2.214769873658026142e+02
2.214769873658026142e+02
2.214769873658026142e+02
2.214769873658026142e+02
2.214769873658026142e+02
2.214769873658026142e+02
2.214769873658026142e+02
