2.572797842729578406e+02
2.574781416358412116e+02
2.576440650312476350e+02
2.571128027113293228e+02
2.570789352295985282e+02
2.576356011818696743e+02
2.572631765035148419e+02
2.564843634204873410e+02
2.569075027050634503e+02
2.556339660443669857e+02
2.556271281684866779e+02
2.551087911354914581e+02
2.548935243163418249e+02
2.553510781440278663e+02
2.547128692639188046e+02
2.543272131139534906e+02
2.537169164707540006e+02
2.544923105329097837e+02
2.540818012901166867e+02
2.543077145145834947e+02
2.542493909485587551e+02
