2.572797842729578406e+02
2.299367132178708459e+02
2.215256969501809010e+02
2.215256969501809010e+02
2.203665880296625801e+02
2.203665880296625801e+02
2.203665880296625801e+02
2.203665880296625801e+02
2.203665431279370637e+02
2.203665431279370637e+02
2.203665431279370637e+02
2.203665431279370637e+02
2.203665431279370637e+02
2.203665431279370637e+02
2.203665431279370637e+02
2.203665431279370637e+02
2.203665431279370637e+02
2.203665431279370637e+02
2.203665431279370637e+02
2.203665431279370637e+02
2.203665431279370637e+02
