2.572797842729578406e+02
1.986594328913828633e+02
1.968968572778557018e+02
1.968417767899329931e+02
1.968400555246853969e+02
1.968400017351464442e+02
1.968400000542233101e+02
1.968400000016944773e+02
1.968400000000529531e+02
1.968400000000016803e+02
1.968400000000000603e+02
1.968400000000000318e+02
1.968400000000000318e+02
1.968400000000000318e+02
1.968400000000000318e+02
1.968400000000000318e+02
1.968400000000000318e+02
1.968400000000000318e+02
1.968400000000000318e+02
1.968400000000000318e+02
1.968400000000000318e+02
