2.572797842729578406e+02
2.002219146011383941e+02
2.002128822870061811e+02
2.002128822870053284e+02
2.002128822870053284e+02
2.002128822870053284e+02
2.002128822870053284e+02
2.002128822870053284e+02
2.002128822870053284e+02
2.002128822870053284e+02
2.002128822870053284e+02
2.002128822870053284e+02
2.002128822870053284e+02
2.002128822870053284e+02
2.002128822870053284e+02
2.002128822870053284e+02
2.002128822870053284e+02
2.002128822870053284e+02
2.002128822870053284e+02
2.002128822870053284e+02
2.002128822870053284e+02
