2.572797842729578406e+02
2.214533446055153263e+02
2.214533446055153263e+02
2.214533446055153263e+02
2.214533446055153263e+02
2.214533446055153263e+02
2.214533446055153263e+02
2.214533446055153263e+02
2.214533446055153263e+02
2.214533446055153263e+02
2.214533446055153263e+02
2.214533446055153263e+02
2.214533446055153263e+02
2.214533446055153263e+02
2.214533446055153263e+02
2.214533446055153263e+02
2.214533446055153263e+02
2.214533446055153263e+02
2.214533446055153263e+02
2.214533446055153263e+02
2.214533446055153263e+02
