2.572797842729578406e+02
2.567377892892949376e+02
2.561473919250911422e+02
2.556204166734721923e+02
2.550689488032890608e+02
2.545268881004207628e+02
2.539894595608086547e+02
2.534340694044713871e+02
2.528870760369434265e+02
2.523506852943941965e+02
2.518312486265092218e+02
2.513061298027308510e+02
2.507645114341966064e+02
2.502246188614228686e+02
2.497265067536393985e+02
2.491916619910299460e+02
2.486306268157313752e+02
2.481208559966509029e+02
2.475851805052978136e+02
2.470185684864321161e+02
2.465016054256284121e+02
