2.498861207208618680e+02
2.306341566555811653e+02
2.301009439955512903e+02
2.293331177651082555e+02
2.288417089776246769e+02
2.288417089776246769e+02
2.288417089776246769e+02
2.286669858531860768e+02
2.285272073536352195e+02
2.284153845539944996e+02
2.282543597225119072e+02
2.282543597225119072e+02
2.281513038303630196e+02
2.281513038303630196e+02
2.281001406273807390e+02
2.280594245937761286e+02
2.280330011471896512e+02
2.280096343421568008e+02
2.279971080341799734e+02
2.279913050984303027e+02
2.279786114578504623e+02
