2.307678172977431927e+02
2.202650041264189724e+02
2.127776522742580312e+02
2.123117702965556077e+02
2.116979473394668787e+02
2.114845503528009374e+02
2.114597339735672676e+02
2.114528148118549495e+02
2.114516601644295406e+02
2.114507962192975015e+02
2.114504018262151703e+02
2.114503302553858930e+02
2.114502843705677719e+02
2.114502645028020424e+02
2.114502601406458666e+02
2.114502558666190168e+02
2.114502556601163406e+02
2.114502553915501153e+02
2.114502552911662860e+02
2.114502552701745515e+02
2.114502552621706570e+02
