2.572797842729578406e+02
2.050051500336346351e+02
1.971048679499421041e+02
1.968482771234356505e+02
1.968402586601073949e+02
1.968400080831283390e+02
1.968400002525977754e+02
1.968400000078936500e+02
1.968400000002466754e+02
1.968400000000077057e+02
1.968400000000002592e+02
1.968400000000000318e+02
1.968400000000000318e+02
1.968400000000000318e+02
1.968400000000000318e+02
1.968400000000000318e+02
1.968400000000000318e+02
1.968400000000000318e+02
1.968400000000000318e+02
1.968400000000000318e+02
1.968400000000000318e+02
