2.307678172977431927e+02
2.307678172977431927e+02
2.182827986673105443e+02
2.182827986673105443e+02
2.175995443263869049e+02
2.169846154195556380e+02
2.169846154195556380e+02
2.159330869888742086e+02
2.159330869888742086e+02
2.159330869888742086e+02
2.150813489600222113e+02
2.150813489600222113e+02
2.147182395898274763e+02
2.143914411566521778e+02
2.143914411566521778e+02
2.143914411566521778e+02
2.143914411566521778e+02
2.142594275460977542e+02
2.139785103172953882e+02
2.138462754812576918e+02
2.135673202298495710e+02
