2.536280464391503786e-01
2.413524669653595023e-01
5.358959186592751056e-01
7.932115282160470127e-01
4.313857942257430800e-01
4.700693181037360890e-01
9.243979921059886085e-01
1.061294171485306359e-01
4.956051512786814328e-01
8.440747002357168460e-01
6.146541148255211251e-01
5.258561665035899058e-02
1.141990748485802731e-01
4.344632098596430403e-01
9.275610348607383759e-01
8.986964726374639945e-01
3.345230231941739296e-01
5.249435154425300398e-01
1.138051653111609163e-01
1.511549800712543856e-01
3.688179699869232886e-01
9.753582728064746910e-02
5.242075391950534735e-01
5.317812603000839911e-01
7.415612172920141854e-01
6.816614871258936947e-01
4.879279138167780250e-01
6.131881984156855037e-01
8.439085401958243970e-01
8.401350262855528106e-01
3.541016885061876174e-01
3.880910468311996597e-01
7.629350037021613851e-01
6.554575999251508467e-01
1.933504940069297184e-01
4.650222333281716081e-01
7.932054832598792737e-01
9.240299000969471876e-01
4.261088955507262854e-01
8.501735807959100999e-01
4.181451077020871265e-01
9.604967130430572819e-01
5.720426453187638094e-01
8.250928401724799688e-02
