7.310179166716372912e-01
8.990401408574506537e-01
5.595796571967954769e-01
2.916754117278927971e-01
5.718009086382519479e-01
6.855562183239866103e-01
8.267317149386568254e-01
6.217792685433596311e-01
2.420091782510463974e-01
5.911045778102613779e-01
4.200082832831406598e-01
8.030236695770094357e-01
7.866696960176928766e-01
8.934860570604810093e-01
8.904215165258329012e-01
8.660367305580689568e-01
4.723073130034254885e-01
7.327719213047947378e-01
2.594159362685966586e-01
8.718586956524587706e-01
7.442964988423008688e-01
8.017836810464398223e-01
7.761426037316692117e-01
5.404795493785703453e-01
4.427085178583692882e-01
5.032607620555495931e-01
6.726105952311060010e-01
2.057954224209765093e-01
4.476004375175379746e-01
3.131744981993274113e-01
5.524620005382712140e-01
3.342208400878424746e-01
4.045128015031596025e-01
6.899609530213015596e-01
6.220760716544593283e-01
5.345581386292992399e-01
2.609904768080656412e-01
4.337984368467592278e-01
3.337047667234496195e-01
3.104841915371264749e-01
3.989442330951817883e-01
7.702274781920259716e-01
5.354025991323760891e-01
3.924376752532063861e-01
