6.053637219253626967e-01
6.830712457557165385e-01
6.928350454401424052e-01
6.902933116178828765e-01
6.359168291668542139e-01
6.950136566047596665e-01
6.291830091706429595e-01
6.877925013593324532e-01
6.113814452947926581e-01
6.146322860740685012e-01
6.598539884870689987e-01
6.313876983982071867e-01
6.934163005671256652e-01
6.549633768497156172e-01
6.432862860433617991e-01
6.847562291764953679e-01
6.755216163051033229e-01
6.812148531547002062e-01
6.288978702526593079e-01
6.526462065063455276e-01
6.518781239232684932e-01
6.604103454549136165e-01
6.691006830753704060e-01
6.814458873977132791e-01
6.910856144770816112e-01
6.963428170465734146e-01
6.367880396105918273e-01
6.809038970271089619e-01
6.815427687036079707e-01
6.773010222418236470e-01
6.504934522493794891e-01
6.700325176631475310e-01
6.952293005875028742e-01
6.287662226717768421e-01
6.276637631663791739e-01
6.789139953588038123e-01
6.171871092903364886e-01
6.914277636558585627e-01
6.718714963100864690e-01
6.335788823887805732e-01
6.051412753389241450e-01
6.726010886517543863e-01
6.539761033411148894e-01
6.407736754781298005e-01
