1.000000000000000000e+00 2.000000000000000000e+00 7.036287076101186422e-01
1.000000000000000000e+00 3.000000000000000000e+00 6.943141336298922495e-01
1.000000000000000000e+00 4.000000000000000000e+00 5.494141735573582208e-01
1.000000000000000000e+00 5.000000000000000000e+00 6.616420631407285979e-01
1.000000000000000000e+00 6.000000000000000000e+00 5.384936545474260372e-01
1.000000000000000000e+00 7.000000000000000000e+00 5.495675840075568974e-01
1.000000000000000000e+00 8.000000000000000000e+00 5.605348700786025873e-01
1.000000000000000000e+00 9.000000000000000000e+00 5.045785973745006148e-01
1.000000000000000000e+00 1.000000000000000000e+01 5.692700813202979937e-01
1.000000000000000000e+00 1.100000000000000000e+01 6.487831209170953350e-01
1.000000000000000000e+00 1.200000000000000000e+01 7.456617281600682601e-01
1.000000000000000000e+00 1.300000000000000000e+01 6.313757819813430316e-01
1.000000000000000000e+00 1.400000000000000000e+01 7.130073640684864156e-01
1.000000000000000000e+00 1.500000000000000000e+01 5.838272116731458850e-01
1.000000000000000000e+00 1.600000000000000000e+01 5.464994292605548365e-01
2.000000000000000000e+00 3.000000000000000000e+00 7.754078834426929578e-01
2.000000000000000000e+00 4.000000000000000000e+00 6.643097258785958248e-01
2.000000000000000000e+00 5.000000000000000000e+00 6.701958804217689192e-01
2.000000000000000000e+00 6.000000000000000000e+00 7.127909322871701647e-01
2.000000000000000000e+00 7.000000000000000000e+00 6.331170619751218531e-01
2.000000000000000000e+00 8.000000000000000000e+00 5.658097393936915021e-01
2.000000000000000000e+00 1.000000000000000000e+01 5.693086534256932563e-01
2.000000000000000000e+00 1.100000000000000000e+01 5.012114455466593066e-01
2.000000000000000000e+00 1.200000000000000000e+01 7.506814686248710622e-01
2.000000000000000000e+00 1.400000000000000000e+01 7.323831430786946761e-01
2.000000000000000000e+00 1.500000000000000000e+01 7.609383279819438295e-01
2.000000000000000000e+00 1.700000000000000000e+01 7.038673763481285706e-01
2.000000000000000000e+00 1.800000000000000000e+01 7.007622375558274497e-01
2.000000000000000000e+00 1.900000000000000000e+01 7.981077952967603473e-01
2.000000000000000000e+00 2.000000000000000000e+01 7.495106713549821720e-01
2.000000000000000000e+00 2.100000000000000000e+01 7.298050658763421961e-01
2.000000000000000000e+00 2.200000000000000000e+01 7.604091314708641969e-01
2.000000000000000000e+00 2.400000000000000000e+01 7.181179627711563596e-01
2.000000000000000000e+00 2.700000000000000000e+01 7.559170105435393250e-01
2.000000000000000000e+00 2.800000000000000000e+01 7.383289297684276775e-01
2.000000000000000000e+00 2.900000000000000000e+01 5.995445396441225760e-01
2.000000000000000000e+00 3.000000000000000000e+01 5.196434439876119749e-01
2.000000000000000000e+00 3.100000000000000000e+01 6.558103987410875968e-01
2.000000000000000000e+00 3.200000000000000000e+01 6.483125167137382405e-01
2.000000000000000000e+00 3.300000000000000000e+01 6.945495320937913331e-01
3.000000000000000000e+00 4.000000000000000000e+00 7.890190408054853499e-01
3.000000000000000000e+00 5.000000000000000000e+00 5.697550906392567782e-01
3.000000000000000000e+00 6.000000000000000000e+00 7.456442957470965638e-01
3.000000000000000000e+00 7.000000000000000000e+00 5.353379109062416097e-01
3.000000000000000000e+00 8.000000000000000000e+00 6.047940046112029178e-01
3.000000000000000000e+00 9.000000000000000000e+00 5.691067383990258133e-01
3.000000000000000000e+00 1.000000000000000000e+01 6.014505477129732380e-01
3.000000000000000000e+00 1.100000000000000000e+01 5.132105697384741205e-01
3.000000000000000000e+00 1.200000000000000000e+01 7.534809051701716331e-01
3.000000000000000000e+00 1.400000000000000000e+01 6.396577212479857000e-01
3.000000000000000000e+00 1.500000000000000000e+01 5.501254417679489750e-01
3.000000000000000000e+00 1.600000000000000000e+01 5.862064421197121789e-01
3.000000000000000000e+00 1.700000000000000000e+01 6.558584263584936735e-01
3.000000000000000000e+00 1.800000000000000000e+01 6.750489661326488644e-01
3.000000000000000000e+00 1.900000000000000000e+01 5.199340583128166937e-01
3.000000000000000000e+00 2.000000000000000000e+01 6.703211569852667306e-01
3.000000000000000000e+00 2.100000000000000000e+01 5.315619304898496766e-01
3.000000000000000000e+00 2.200000000000000000e+01 5.231304908992369107e-01
3.000000000000000000e+00 2.300000000000000000e+01 6.636299260646427722e-01
3.000000000000000000e+00 2.400000000000000000e+01 7.409548969246481098e-01
3.000000000000000000e+00 2.600000000000000000e+01 5.187038978355162921e-01
3.000000000000000000e+00 2.700000000000000000e+01 6.836776139284816978e-01
3.000000000000000000e+00 2.800000000000000000e+01 5.193905542448787882e-01
3.000000000000000000e+00 3.200000000000000000e+01 6.882167627003910049e-01
3.000000000000000000e+00 3.300000000000000000e+01 7.372556988855644144e-01
3.000000000000000000e+00 3.400000000000000000e+01 5.041021658143299833e-01
3.000000000000000000e+00 3.500000000000000000e+01 5.258579347337910548e-01
3.000000000000000000e+00 3.600000000000000000e+01 5.464481821603137668e-01
3.000000000000000000e+00 3.700000000000000000e+01 5.361241097943340028e-01
4.000000000000000000e+00 5.000000000000000000e+00 6.221608349077186739e-01
4.000000000000000000e+00 6.000000000000000000e+00 5.770854866488134283e-01
4.000000000000000000e+00 1.000000000000000000e+01 6.391996126591688032e-01
4.000000000000000000e+00 1.300000000000000000e+01 6.998408201841583853e-01
4.000000000000000000e+00 1.400000000000000000e+01 5.052311976713266262e-01
4.000000000000000000e+00 1.500000000000000000e+01 6.980195254651750947e-01
4.000000000000000000e+00 1.700000000000000000e+01 5.228058783505982188e-01
4.000000000000000000e+00 1.800000000000000000e+01 7.734962538091789686e-01
4.000000000000000000e+00 1.900000000000000000e+01 6.866143764036864994e-01
4.000000000000000000e+00 2.000000000000000000e+01 7.498794946945911422e-01
4.000000000000000000e+00 2.900000000000000000e+01 6.181759037247036570e-01
4.000000000000000000e+00 3.200000000000000000e+01 5.951280559086784550e-01
4.000000000000000000e+00 3.300000000000000000e+01 7.480244692982587207e-01
4.000000000000000000e+00 3.500000000000000000e+01 7.328555273283965388e-01
5.000000000000000000e+00 6.000000000000000000e+00 6.297040606168087251e-01
5.000000000000000000e+00 8.000000000000000000e+00 7.492773068540985459e-01
5.000000000000000000e+00 1.000000000000000000e+01 7.695542902172253230e-01
5.000000000000000000e+00 1.100000000000000000e+01 7.182122210002555018e-01
5.000000000000000000e+00 1.200000000000000000e+01 6.685630785579033120e-01
5.000000000000000000e+00 1.400000000000000000e+01 5.672166662866735543e-01
5.000000000000000000e+00 1.500000000000000000e+01 6.475691873330335913e-01
5.000000000000000000e+00 1.800000000000000000e+01 5.402527851960069460e-01
5.000000000000000000e+00 1.900000000000000000e+01 6.133254740667051230e-01
5.000000000000000000e+00 2.000000000000000000e+01 5.073705045900459565e-01
5.000000000000000000e+00 2.200000000000000000e+01 5.442291022735860073e-01
5.000000000000000000e+00 2.300000000000000000e+01 6.676532188976394000e-01
5.000000000000000000e+00 2.400000000000000000e+01 6.534089966798878324e-01
5.000000000000000000e+00 2.500000000000000000e+01 6.614714090641375943e-01
5.000000000000000000e+00 2.700000000000000000e+01 5.799246573813977568e-01
5.000000000000000000e+00 2.800000000000000000e+01 6.769630582146513031e-01
5.000000000000000000e+00 2.900000000000000000e+01 7.311956645537232014e-01
5.000000000000000000e+00 3.000000000000000000e+01 6.866941696449345711e-01
5.000000000000000000e+00 3.200000000000000000e+01 5.472138828825858781e-01
5.000000000000000000e+00 3.300000000000000000e+01 7.054887356464026871e-01
5.000000000000000000e+00 3.500000000000000000e+01 6.520852208414368301e-01
6.000000000000000000e+00 1.000000000000000000e+01 5.749152778883740433e-01
6.000000000000000000e+00 1.500000000000000000e+01 5.588615468268498532e-01
6.000000000000000000e+00 1.900000000000000000e+01 7.917944004386812118e-01
6.000000000000000000e+00 2.000000000000000000e+01 6.383550423460184753e-01
6.000000000000000000e+00 2.100000000000000000e+01 7.310228156205261785e-01
6.000000000000000000e+00 3.100000000000000000e+01 6.697132161950665186e-01
7.000000000000000000e+00 8.000000000000000000e+00 7.922744318495854587e-01
7.000000000000000000e+00 9.000000000000000000e+00 6.775676314785878951e-01
7.000000000000000000e+00 1.000000000000000000e+01 7.328482319082334495e-01
7.000000000000000000e+00 1.100000000000000000e+01 7.382610972892702517e-01
7.000000000000000000e+00 1.200000000000000000e+01 7.073162066018265914e-01
7.000000000000000000e+00 1.300000000000000000e+01 5.834625161016279149e-01
7.000000000000000000e+00 1.600000000000000000e+01 5.571963805152397864e-01
7.000000000000000000e+00 1.900000000000000000e+01 7.463673329017634916e-01
7.000000000000000000e+00 2.400000000000000000e+01 5.745653678482296467e-01
7.000000000000000000e+00 2.800000000000000000e+01 7.225645757950491799e-01
7.000000000000000000e+00 2.900000000000000000e+01 5.648349340824545539e-01
7.000000000000000000e+00 3.000000000000000000e+01 7.086398675225876742e-01
7.000000000000000000e+00 3.100000000000000000e+01 7.699843606834944065e-01
7.000000000000000000e+00 3.200000000000000000e+01 7.010185087670955939e-01
7.000000000000000000e+00 3.400000000000000000e+01 5.156663867346918950e-01
7.000000000000000000e+00 3.500000000000000000e+01 7.692975927077561060e-01
7.000000000000000000e+00 3.600000000000000000e+01 7.446389068156776814e-01
7.000000000000000000e+00 3.700000000000000000e+01 6.349646519783654908e-01
7.000000000000000000e+00 3.800000000000000000e+01 5.100686999234217422e-01
7.000000000000000000e+00 3.900000000000000000e+01 7.327954727247643074e-01
7.000000000000000000e+00 4.100000000000000000e+01 5.298780793282710233e-01
7.000000000000000000e+00 4.200000000000000000e+01 6.712910558439597608e-01
7.000000000000000000e+00 4.300000000000000000e+01 6.880800954363799349e-01
8.000000000000000000e+00 9.000000000000000000e+00 7.906760044694328693e-01
8.000000000000000000e+00 1.000000000000000000e+01 6.739461582696277819e-01
8.000000000000000000e+00 1.100000000000000000e+01 6.354090601175368391e-01
8.000000000000000000e+00 1.200000000000000000e+01 6.840473879060254836e-01
8.000000000000000000e+00 1.400000000000000000e+01 7.202078672433553930e-01
8.000000000000000000e+00 1.600000000000000000e+01 6.164029544489891821e-01
8.000000000000000000e+00 1.800000000000000000e+01 7.937621211898491236e-01
8.000000000000000000e+00 1.900000000000000000e+01 6.466218711821112297e-01
8.000000000000000000e+00 2.200000000000000000e+01 7.982236284718176034e-01
8.000000000000000000e+00 2.500000000000000000e+01 7.199000595196884955e-01
8.000000000000000000e+00 2.800000000000000000e+01 7.275420878925198398e-01
8.000000000000000000e+00 3.200000000000000000e+01 5.429609048308718933e-01
8.000000000000000000e+00 3.500000000000000000e+01 5.112477510493430577e-01
8.000000000000000000e+00 3.600000000000000000e+01 6.365861646524051398e-01
8.000000000000000000e+00 3.800000000000000000e+01 7.074175176572397028e-01
8.000000000000000000e+00 4.300000000000000000e+01 5.766876227817251399e-01
9.000000000000000000e+00 1.000000000000000000e+01 7.424936290800446814e-01
9.000000000000000000e+00 1.100000000000000000e+01 7.427840610816158762e-01
9.000000000000000000e+00 1.200000000000000000e+01 5.127350067055029825e-01
9.000000000000000000e+00 1.300000000000000000e+01 6.032778899968831432e-01
9.000000000000000000e+00 1.600000000000000000e+01 7.104005937038302410e-01
9.000000000000000000e+00 2.800000000000000000e+01 7.256850542493108458e-01
9.000000000000000000e+00 2.900000000000000000e+01 7.939657772569076455e-01
9.000000000000000000e+00 3.000000000000000000e+01 6.474819982427446607e-01
9.000000000000000000e+00 3.100000000000000000e+01 6.648324374362548639e-01
9.000000000000000000e+00 3.200000000000000000e+01 5.998094702343030882e-01
9.000000000000000000e+00 3.400000000000000000e+01 7.462160492361029629e-01
9.000000000000000000e+00 3.500000000000000000e+01 6.348562563067622344e-01
9.000000000000000000e+00 3.600000000000000000e+01 6.730256529017265565e-01
9.000000000000000000e+00 3.800000000000000000e+01 7.212576654719595748e-01
9.000000000000000000e+00 3.900000000000000000e+01 5.426839829172246388e-01
9.000000000000000000e+00 4.000000000000000000e+01 6.919403284530718512e-01
9.000000000000000000e+00 4.100000000000000000e+01 5.004157464487499762e-01
9.000000000000000000e+00 4.200000000000000000e+01 6.123755679738385194e-01
9.000000000000000000e+00 4.300000000000000000e+01 6.677764921384777841e-01
1.000000000000000000e+01 1.100000000000000000e+01 6.228059534183590928e-01
1.000000000000000000e+01 1.200000000000000000e+01 6.607423504221993094e-01
1.000000000000000000e+01 1.400000000000000000e+01 7.555663263877292479e-01
1.000000000000000000e+01 1.500000000000000000e+01 5.164495982850862976e-01
1.000000000000000000e+01 1.600000000000000000e+01 6.394584538206520286e-01
1.000000000000000000e+01 1.900000000000000000e+01 7.125969836874319618e-01
1.000000000000000000e+01 2.000000000000000000e+01 7.463509109153592114e-01
1.000000000000000000e+01 2.200000000000000000e+01 7.781630588094773371e-01
1.000000000000000000e+01 2.300000000000000000e+01 5.039468669550420943e-01
1.000000000000000000e+01 2.800000000000000000e+01 7.758191035178521044e-01
1.000000000000000000e+01 2.900000000000000000e+01 5.655041852159811144e-01
1.000000000000000000e+01 3.000000000000000000e+01 6.946665670696572370e-01
1.000000000000000000e+01 3.200000000000000000e+01 6.353139042783192414e-01
1.000000000000000000e+01 3.500000000000000000e+01 7.309600168217165184e-01
1.000000000000000000e+01 3.600000000000000000e+01 5.301772193922380527e-01
1.000000000000000000e+01 3.800000000000000000e+01 5.754088695934986841e-01
1.100000000000000000e+01 1.200000000000000000e+01 7.220003021460339454e-01
1.100000000000000000e+01 1.300000000000000000e+01 6.978842079146521105e-01
1.100000000000000000e+01 1.400000000000000000e+01 7.804662178395238570e-01
1.100000000000000000e+01 1.600000000000000000e+01 7.880129237484729821e-01
1.100000000000000000e+01 2.100000000000000000e+01 7.653810560968566934e-01
1.100000000000000000e+01 2.500000000000000000e+01 5.727742892285930809e-01
1.100000000000000000e+01 2.900000000000000000e+01 6.378640910631383498e-01
1.100000000000000000e+01 3.000000000000000000e+01 5.743223136894223257e-01
1.100000000000000000e+01 3.200000000000000000e+01 7.351116176451687467e-01
1.100000000000000000e+01 3.400000000000000000e+01 5.683104841146031649e-01
1.100000000000000000e+01 3.500000000000000000e+01 6.304225999083620247e-01
1.100000000000000000e+01 3.600000000000000000e+01 7.195030100598533984e-01
1.100000000000000000e+01 3.700000000000000000e+01 7.462874192038025933e-01
1.100000000000000000e+01 3.800000000000000000e+01 6.586508003871464068e-01
1.100000000000000000e+01 4.000000000000000000e+01 5.490686494971703802e-01
1.100000000000000000e+01 4.300000000000000000e+01 6.480547574035360192e-01
1.200000000000000000e+01 1.300000000000000000e+01 6.800772425866425941e-01
1.200000000000000000e+01 1.400000000000000000e+01 6.586141568663134160e-01
1.200000000000000000e+01 1.600000000000000000e+01 5.419647644381272444e-01
1.200000000000000000e+01 1.800000000000000000e+01 7.512423282991533835e-01
1.200000000000000000e+01 1.900000000000000000e+01 5.741901602368433277e-01
1.200000000000000000e+01 2.200000000000000000e+01 5.079552159009851353e-01
1.200000000000000000e+01 3.300000000000000000e+01 5.697271898845691629e-01
1.200000000000000000e+01 3.800000000000000000e+01 5.143962900513973091e-01
1.300000000000000000e+01 1.600000000000000000e+01 6.803809298831728913e-01
1.300000000000000000e+01 1.800000000000000000e+01 6.296855296086532050e-01
1.300000000000000000e+01 2.800000000000000000e+01 5.838468520966024755e-01
1.300000000000000000e+01 3.500000000000000000e+01 5.082830619317515453e-01
1.300000000000000000e+01 3.600000000000000000e+01 7.761111466300638639e-01
1.300000000000000000e+01 3.800000000000000000e+01 7.579613668740232679e-01
1.300000000000000000e+01 4.300000000000000000e+01 5.847892642114475015e-01
1.400000000000000000e+01 1.500000000000000000e+01 6.787826478363055971e-01
1.400000000000000000e+01 1.800000000000000000e+01 5.670822632443731637e-01
1.400000000000000000e+01 1.900000000000000000e+01 6.013771747102839571e-01
1.400000000000000000e+01 2.000000000000000000e+01 5.621160589807642216e-01
1.400000000000000000e+01 2.200000000000000000e+01 5.597896745946823183e-01
1.400000000000000000e+01 2.400000000000000000e+01 6.661145945689482817e-01
1.400000000000000000e+01 2.600000000000000000e+01 5.506490958351794029e-01
1.400000000000000000e+01 2.700000000000000000e+01 6.977093511888425859e-01
1.400000000000000000e+01 2.800000000000000000e+01 7.256916801974990783e-01
1.400000000000000000e+01 3.300000000000000000e+01 6.929749144632892932e-01
1.400000000000000000e+01 3.700000000000000000e+01 5.657481074045274116e-01
1.500000000000000000e+01 1.900000000000000000e+01 5.999593759104171475e-01
1.500000000000000000e+01 2.000000000000000000e+01 7.372089538768545891e-01
1.500000000000000000e+01 2.200000000000000000e+01 6.345551238216841083e-01
1.500000000000000000e+01 3.300000000000000000e+01 6.735160533921156212e-01
1.600000000000000000e+01 1.900000000000000000e+01 5.052838356095332717e-01
1.600000000000000000e+01 2.800000000000000000e+01 7.546839673630918455e-01
1.600000000000000000e+01 3.500000000000000000e+01 7.062344875174524361e-01
1.600000000000000000e+01 3.600000000000000000e+01 5.377428549704225125e-01
1.600000000000000000e+01 3.800000000000000000e+01 5.380452005950822070e-01
1.600000000000000000e+01 4.300000000000000000e+01 7.417637985125379307e-01
1.700000000000000000e+01 1.800000000000000000e+01 7.889824174482749086e-01
1.700000000000000000e+01 1.900000000000000000e+01 7.348115526008672793e-01
1.700000000000000000e+01 2.000000000000000000e+01 6.109250702165665015e-01
1.700000000000000000e+01 2.100000000000000000e+01 6.993174557746330011e-01
1.800000000000000000e+01 1.900000000000000000e+01 7.967156580678362854e-01
1.800000000000000000e+01 2.000000000000000000e+01 7.587496547802972113e-01
1.800000000000000000e+01 2.200000000000000000e+01 5.926615868460258785e-01
1.800000000000000000e+01 2.300000000000000000e+01 7.772659291354231392e-01
1.800000000000000000e+01 2.400000000000000000e+01 7.864893188986369355e-01
1.800000000000000000e+01 2.500000000000000000e+01 7.406074638234760865e-01
1.900000000000000000e+01 2.000000000000000000e+01 6.285309391208414587e-01
1.900000000000000000e+01 2.100000000000000000e+01 6.254574685948112167e-01
1.900000000000000000e+01 2.200000000000000000e+01 5.928485119758879485e-01
1.900000000000000000e+01 2.300000000000000000e+01 7.093050640315663458e-01
1.900000000000000000e+01 2.400000000000000000e+01 5.446660418846663854e-01
1.900000000000000000e+01 2.500000000000000000e+01 5.139091354304670123e-01
1.900000000000000000e+01 2.600000000000000000e+01 5.181813379096974481e-01
1.900000000000000000e+01 3.000000000000000000e+01 6.230955874020419616e-01
1.900000000000000000e+01 3.100000000000000000e+01 5.887669493204389370e-01
1.900000000000000000e+01 3.200000000000000000e+01 7.921201503856194481e-01
1.900000000000000000e+01 3.300000000000000000e+01 5.731778234833382335e-01
1.900000000000000000e+01 3.500000000000000000e+01 7.731199359314984143e-01
1.900000000000000000e+01 3.600000000000000000e+01 5.466646354048653178e-01
1.900000000000000000e+01 3.800000000000000000e+01 5.016109228773681927e-01
2.000000000000000000e+01 2.100000000000000000e+01 7.175158988416714401e-01
2.000000000000000000e+01 2.200000000000000000e+01 7.984958413313696379e-01
2.000000000000000000e+01 2.600000000000000000e+01 6.515324598476293083e-01
2.000000000000000000e+01 2.800000000000000000e+01 5.158514979946627887e-01
2.000000000000000000e+01 2.900000000000000000e+01 7.871628932276272250e-01
2.000000000000000000e+01 3.300000000000000000e+01 6.527990592585293239e-01
2.000000000000000000e+01 4.200000000000000000e+01 7.013881936025793129e-01
2.100000000000000000e+01 2.200000000000000000e+01 7.467759065083530157e-01
2.100000000000000000e+01 3.200000000000000000e+01 7.871284735214262307e-01
2.200000000000000000e+01 2.300000000000000000e+01 6.242070086662986350e-01
2.200000000000000000e+01 2.600000000000000000e+01 6.366192161223851453e-01
2.200000000000000000e+01 2.700000000000000000e+01 5.982798506218739432e-01
2.200000000000000000e+01 2.800000000000000000e+01 5.830756598973727556e-01
2.200000000000000000e+01 3.300000000000000000e+01 6.934309731637495755e-01
2.400000000000000000e+01 2.500000000000000000e+01 6.343515628188953759e-01
2.500000000000000000e+01 3.200000000000000000e+01 5.958341947138903194e-01
2.600000000000000000e+01 2.700000000000000000e+01 5.965988879227184238e-01
2.600000000000000000e+01 2.800000000000000000e+01 5.884064787954741416e-01
2.700000000000000000e+01 3.300000000000000000e+01 7.548446744218959559e-01
2.800000000000000000e+01 2.900000000000000000e+01 7.970285257335901763e-01
2.900000000000000000e+01 3.000000000000000000e+01 5.860914866645283716e-01
2.900000000000000000e+01 3.100000000000000000e+01 6.514802282143457024e-01
2.900000000000000000e+01 3.200000000000000000e+01 7.849117106911263075e-01
2.900000000000000000e+01 3.500000000000000000e+01 7.667372230193633120e-01
2.900000000000000000e+01 3.600000000000000000e+01 6.254029659730017121e-01
2.900000000000000000e+01 3.700000000000000000e+01 7.463257738398061392e-01
2.900000000000000000e+01 3.800000000000000000e+01 6.131464186714729037e-01
2.900000000000000000e+01 3.900000000000000000e+01 5.749570691909773323e-01
2.900000000000000000e+01 4.100000000000000000e+01 5.798036747843159366e-01
2.900000000000000000e+01 4.200000000000000000e+01 7.320128493498040401e-01
3.000000000000000000e+01 3.100000000000000000e+01 6.619300867222979168e-01
3.000000000000000000e+01 3.200000000000000000e+01 7.496979270023642616e-01
3.000000000000000000e+01 4.100000000000000000e+01 6.353891377943846619e-01
3.000000000000000000e+01 4.200000000000000000e+01 6.903259045685442574e-01
3.100000000000000000e+01 3.200000000000000000e+01 5.100489947637076860e-01
3.100000000000000000e+01 3.300000000000000000e+01 7.970864813723864684e-01
3.100000000000000000e+01 3.400000000000000000e+01 5.985866956488098412e-01
3.100000000000000000e+01 3.500000000000000000e+01 7.241334184721632816e-01
3.100000000000000000e+01 3.600000000000000000e+01 5.249140080726656388e-01
3.100000000000000000e+01 3.800000000000000000e+01 7.892430640142583664e-01
3.100000000000000000e+01 3.900000000000000000e+01 7.749982164827389219e-01
3.100000000000000000e+01 4.100000000000000000e+01 7.272757178831579239e-01
3.100000000000000000e+01 4.200000000000000000e+01 5.283655309365603570e-01
3.100000000000000000e+01 4.300000000000000000e+01 5.889424536343355054e-01
3.200000000000000000e+01 3.500000000000000000e+01 7.243033840294705872e-01
3.200000000000000000e+01 3.600000000000000000e+01 5.303670899852196419e-01
3.200000000000000000e+01 4.100000000000000000e+01 7.726524407396451188e-01
3.200000000000000000e+01 4.200000000000000000e+01 7.575271719657444836e-01
3.400000000000000000e+01 3.500000000000000000e+01 5.876692567406425205e-01
3.400000000000000000e+01 3.600000000000000000e+01 6.748949247342034274e-01
3.400000000000000000e+01 3.700000000000000000e+01 6.736921497670680381e-01
3.400000000000000000e+01 3.800000000000000000e+01 6.364744714528083325e-01
3.400000000000000000e+01 4.300000000000000000e+01 6.251346196132971933e-01
3.500000000000000000e+01 3.600000000000000000e+01 5.723680534695252398e-01
3.500000000000000000e+01 3.700000000000000000e+01 6.318136210640745709e-01
3.500000000000000000e+01 3.800000000000000000e+01 5.638593973908643253e-01
3.500000000000000000e+01 4.300000000000000000e+01 5.792719639124311870e-01
3.600000000000000000e+01 3.700000000000000000e+01 6.590228101463007082e-01
3.600000000000000000e+01 3.800000000000000000e+01 7.398489634856955099e-01
3.600000000000000000e+01 3.900000000000000000e+01 7.931155520081163424e-01
3.600000000000000000e+01 4.100000000000000000e+01 7.559843208926292357e-01
3.600000000000000000e+01 4.200000000000000000e+01 6.880721576960481256e-01
3.600000000000000000e+01 4.300000000000000000e+01 6.253918749051096126e-01
3.800000000000000000e+01 3.900000000000000000e+01 5.319452474107448925e-01
3.800000000000000000e+01 4.000000000000000000e+01 5.154619031990005373e-01
3.800000000000000000e+01 4.100000000000000000e+01 7.661997095573337413e-01
3.800000000000000000e+01 4.200000000000000000e+01 5.538720536022314622e-01
3.800000000000000000e+01 4.300000000000000000e+01 6.089167047581226511e-01
3.900000000000000000e+01 4.000000000000000000e+01 5.243752609854623881e-01
3.900000000000000000e+01 4.100000000000000000e+01 5.057998080585699441e-01
3.900000000000000000e+01 4.200000000000000000e+01 5.648417418982474292e-01
3.900000000000000000e+01 4.300000000000000000e+01 5.855676468625559128e-01
4.000000000000000000e+01 4.100000000000000000e+01 7.574366500937652624e-01
4.000000000000000000e+01 4.200000000000000000e+01 6.220450686455998301e-01
4.000000000000000000e+01 4.300000000000000000e+01 5.258298421843524695e-01
4.100000000000000000e+01 4.200000000000000000e+01 7.967287406890739554e-01
