8.987095306675003670e-01
7.167870616489911972e-01
7.109002409802008815e-01
6.741382571051925954e-01
2.630180577893910243e-01
5.456774663705410422e-01
8.086837301144382817e-01
2.593459115948451021e-01
1.035518426778747614e-01
8.318969052777754891e-01
4.361548619322944687e-01
7.359964845444955106e-02
3.947744304430298445e-01
2.571617881810160933e-01
2.535872108336907349e-01
3.342472195363732634e-01
7.978637995428828900e-01
5.131480792582041595e-01
4.492089100716274430e-01
5.719759075364652112e-01
3.869953435376438655e-01
