3.487490120627888546e-01
2.046376888740182032e-01
6.581629437293805562e-01
2.349942524720556869e-01
2.944807918865261498e-01
4.411616941968337091e-01
4.534308748951217938e-01
7.976864831940324585e-01
3.093972836758959177e-01
7.870144027911163409e-01
3.170565428097769645e-01
4.490548897991515354e-01
7.066676110799123833e-01
8.240817438585112953e-01
7.725040136339305086e-01
6.601032203919446895e-01
3.063224760759954979e-01
2.047037621495292059e-01
2.382266142085756599e-01
5.075282261017363128e-01
4.504287951090385489e-01
