6.495715089109921347e-01
6.546682328884089186e-01
6.153263184543199538e-01
6.267343685630076822e-01
6.899279270998766034e-01
6.676584203418985952e-01
6.040973431321650100e-01
6.035659708803098322e-01
6.223508545701506023e-01
6.770962946519343273e-01
6.447753016381667646e-01
6.403248922426941769e-01
6.244989807819224525e-01
6.795092962412877524e-01
6.606175908739954084e-01
6.733307184803480894e-01
6.105807535114377016e-01
6.185386031985712352e-01
6.341557154262924545e-01
6.288856617902475188e-01
6.964061186699233019e-01
