1.000000000000000000e+00 2.000000000000000000e+00 7.780112445424580692e-01
1.000000000000000000e+00 3.000000000000000000e+00 6.499259143361169055e-01
1.000000000000000000e+00 4.000000000000000000e+00 5.334964524875367431e-01
1.000000000000000000e+00 5.000000000000000000e+00 5.192446442937984630e-01
1.000000000000000000e+00 6.000000000000000000e+00 6.092307004567287798e-01
1.000000000000000000e+00 7.000000000000000000e+00 5.154051020676376771e-01
1.000000000000000000e+00 8.000000000000000000e+00 7.809627933030103275e-01
1.000000000000000000e+00 9.000000000000000000e+00 6.064615152584759139e-01
1.000000000000000000e+00 1.000000000000000000e+01 7.417717693715100147e-01
1.000000000000000000e+00 1.100000000000000000e+01 6.192993345100548108e-01
1.000000000000000000e+00 1.200000000000000000e+01 5.829078567018745050e-01
1.000000000000000000e+00 1.300000000000000000e+01 7.119940377222276906e-01
1.000000000000000000e+00 1.400000000000000000e+01 5.064401871350312501e-01
1.000000000000000000e+00 1.500000000000000000e+01 5.435516800713648955e-01
1.000000000000000000e+00 1.600000000000000000e+01 6.437623063241156851e-01
1.000000000000000000e+00 1.700000000000000000e+01 5.695487385980734230e-01
1.000000000000000000e+00 1.800000000000000000e+01 7.025065712670773843e-01
1.000000000000000000e+00 1.900000000000000000e+01 6.122846060145659131e-01
1.000000000000000000e+00 2.000000000000000000e+01 6.501829819234904440e-01
2.000000000000000000e+00 1.000000000000000000e+00 5.993207510812870176e-01
2.000000000000000000e+00 3.000000000000000000e+00 5.225465815675552905e-01
2.000000000000000000e+00 4.000000000000000000e+00 6.112250195697866983e-01
2.000000000000000000e+00 5.000000000000000000e+00 7.822478586642371834e-01
2.000000000000000000e+00 6.000000000000000000e+00 6.634844331484727187e-01
2.000000000000000000e+00 7.000000000000000000e+00 6.900849765804986102e-01
2.000000000000000000e+00 8.000000000000000000e+00 6.368271308759940741e-01
2.000000000000000000e+00 9.000000000000000000e+00 5.590519343316240342e-01
2.000000000000000000e+00 1.000000000000000000e+01 5.150817481492709904e-01
2.000000000000000000e+00 1.100000000000000000e+01 6.870701816117465999e-01
2.000000000000000000e+00 1.200000000000000000e+01 6.034500108366331883e-01
2.000000000000000000e+00 1.300000000000000000e+01 6.755468837660200121e-01
2.000000000000000000e+00 1.400000000000000000e+01 7.744664192114919521e-01
2.000000000000000000e+00 1.500000000000000000e+01 7.406407885387840118e-01
2.000000000000000000e+00 1.600000000000000000e+01 6.507047707166340178e-01
2.000000000000000000e+00 1.700000000000000000e+01 5.939040300514308868e-01
2.000000000000000000e+00 1.800000000000000000e+01 7.169739743589920167e-01
2.000000000000000000e+00 1.900000000000000000e+01 6.874005561233786921e-01
2.000000000000000000e+00 2.000000000000000000e+01 5.940180370861392056e-01
3.000000000000000000e+00 1.000000000000000000e+00 7.483051017916108050e-01
3.000000000000000000e+00 2.000000000000000000e+00 7.154701670386689472e-01
3.000000000000000000e+00 4.000000000000000000e+00 7.028538831804853615e-01
3.000000000000000000e+00 5.000000000000000000e+00 7.680478227350124865e-01
3.000000000000000000e+00 6.000000000000000000e+00 7.644392509056210372e-01
3.000000000000000000e+00 7.000000000000000000e+00 7.927580620386620591e-01
3.000000000000000000e+00 8.000000000000000000e+00 6.101198162558509885e-01
3.000000000000000000e+00 9.000000000000000000e+00 6.906565601768143159e-01
3.000000000000000000e+00 1.000000000000000000e+01 5.759265807392575098e-01
3.000000000000000000e+00 1.100000000000000000e+01 6.831886546562753182e-01
3.000000000000000000e+00 1.200000000000000000e+01 6.674892291560758917e-01
3.000000000000000000e+00 1.300000000000000000e+01 7.021198770722110183e-01
3.000000000000000000e+00 1.400000000000000000e+01 6.838313886354692173e-01
3.000000000000000000e+00 1.500000000000000000e+01 7.713477709045495345e-01
3.000000000000000000e+00 1.600000000000000000e+01 6.109332152671398397e-01
3.000000000000000000e+00 1.700000000000000000e+01 5.163302616220397656e-01
3.000000000000000000e+00 1.800000000000000000e+01 5.365774364089158643e-01
3.000000000000000000e+00 1.900000000000000000e+01 6.629184846230253836e-01
3.000000000000000000e+00 2.000000000000000000e+01 5.383026538717260445e-01
4.000000000000000000e+00 1.000000000000000000e+00 6.072243055364155984e-01
4.000000000000000000e+00 2.000000000000000000e+00 5.670671908390575444e-01
4.000000000000000000e+00 3.000000000000000000e+00 5.379935978501123595e-01
4.000000000000000000e+00 5.000000000000000000e+00 6.792144741316071821e-01
4.000000000000000000e+00 6.000000000000000000e+00 6.649806024934097337e-01
4.000000000000000000e+00 7.000000000000000000e+00 5.529686959723034700e-01
4.000000000000000000e+00 8.000000000000000000e+00 7.517163948043277255e-01
4.000000000000000000e+00 9.000000000000000000e+00 7.105008049532142156e-01
4.000000000000000000e+00 1.000000000000000000e+01 6.772117210861380299e-01
4.000000000000000000e+00 1.100000000000000000e+01 6.295134575460286097e-01
4.000000000000000000e+00 1.200000000000000000e+01 5.946257047324483569e-01
4.000000000000000000e+00 1.300000000000000000e+01 5.898565013074720254e-01
4.000000000000000000e+00 1.400000000000000000e+01 5.466464679411804362e-01
4.000000000000000000e+00 1.500000000000000000e+01 7.573786523167586049e-01
4.000000000000000000e+00 1.600000000000000000e+01 6.846783115639667461e-01
4.000000000000000000e+00 1.700000000000000000e+01 7.417529256678176974e-01
4.000000000000000000e+00 1.800000000000000000e+01 6.867527390691898770e-01
4.000000000000000000e+00 1.900000000000000000e+01 5.375186367735356185e-01
4.000000000000000000e+00 2.000000000000000000e+01 6.208763094366303026e-01
5.000000000000000000e+00 1.000000000000000000e+00 7.733337342602828457e-01
5.000000000000000000e+00 2.000000000000000000e+00 6.827903493118016032e-01
5.000000000000000000e+00 3.000000000000000000e+00 6.023370021512799433e-01
5.000000000000000000e+00 4.000000000000000000e+00 5.334057497854092222e-01
5.000000000000000000e+00 6.000000000000000000e+00 7.885899882965974328e-01
5.000000000000000000e+00 7.000000000000000000e+00 5.989454351404686072e-01
5.000000000000000000e+00 8.000000000000000000e+00 6.896221527743822133e-01
5.000000000000000000e+00 9.000000000000000000e+00 7.734246643869597815e-01
5.000000000000000000e+00 1.000000000000000000e+01 5.738718553666308786e-01
5.000000000000000000e+00 1.100000000000000000e+01 7.907035374936763894e-01
5.000000000000000000e+00 1.200000000000000000e+01 5.232721612148903967e-01
5.000000000000000000e+00 1.300000000000000000e+01 5.277014371148744942e-01
5.000000000000000000e+00 1.400000000000000000e+01 6.935730890255420444e-01
5.000000000000000000e+00 1.500000000000000000e+01 5.878443788001831427e-01
5.000000000000000000e+00 1.600000000000000000e+01 7.754103853778104849e-01
5.000000000000000000e+00 1.700000000000000000e+01 7.112155986672418218e-01
5.000000000000000000e+00 1.800000000000000000e+01 7.194079044370922382e-01
5.000000000000000000e+00 1.900000000000000000e+01 5.743344707228975610e-01
5.000000000000000000e+00 2.000000000000000000e+01 6.843043579161600665e-01
6.000000000000000000e+00 1.000000000000000000e+00 5.217617567782080190e-01
6.000000000000000000e+00 2.000000000000000000e+00 6.529676558456327662e-01
6.000000000000000000e+00 3.000000000000000000e+00 5.665062395695789066e-01
6.000000000000000000e+00 4.000000000000000000e+00 7.756965606277428371e-01
6.000000000000000000e+00 5.000000000000000000e+00 5.737557787172576917e-01
6.000000000000000000e+00 7.000000000000000000e+00 6.441093293828668020e-01
6.000000000000000000e+00 8.000000000000000000e+00 6.208085536774832214e-01
6.000000000000000000e+00 9.000000000000000000e+00 7.346814267701022860e-01
6.000000000000000000e+00 1.000000000000000000e+01 5.571394609580757606e-01
6.000000000000000000e+00 1.100000000000000000e+01 7.716277206101187502e-01
6.000000000000000000e+00 1.200000000000000000e+01 5.689007437452759941e-01
6.000000000000000000e+00 1.300000000000000000e+01 6.712202554964433743e-01
6.000000000000000000e+00 1.400000000000000000e+01 6.942043761944465263e-01
6.000000000000000000e+00 1.500000000000000000e+01 5.563378777867853398e-01
6.000000000000000000e+00 1.600000000000000000e+01 5.295194653529583517e-01
6.000000000000000000e+00 1.700000000000000000e+01 5.872896816452856106e-01
6.000000000000000000e+00 1.800000000000000000e+01 7.336473156678857688e-01
6.000000000000000000e+00 1.900000000000000000e+01 5.811421759214505656e-01
6.000000000000000000e+00 2.000000000000000000e+01 6.885179936991414618e-01
7.000000000000000000e+00 1.000000000000000000e+00 7.453072351215378477e-01
7.000000000000000000e+00 2.000000000000000000e+00 7.452320484401153688e-01
7.000000000000000000e+00 3.000000000000000000e+00 6.507561602064795281e-01
7.000000000000000000e+00 4.000000000000000000e+00 7.868870129506486677e-01
7.000000000000000000e+00 5.000000000000000000e+00 6.230232527702772583e-01
7.000000000000000000e+00 6.000000000000000000e+00 6.425434659490119049e-01
7.000000000000000000e+00 8.000000000000000000e+00 6.561167276921628932e-01
7.000000000000000000e+00 9.000000000000000000e+00 5.392259402177297378e-01
7.000000000000000000e+00 1.000000000000000000e+01 5.232229407871377136e-01
7.000000000000000000e+00 1.100000000000000000e+01 7.440324567418928892e-01
7.000000000000000000e+00 1.200000000000000000e+01 6.579831364346910849e-01
7.000000000000000000e+00 1.300000000000000000e+01 7.841068095170866670e-01
7.000000000000000000e+00 1.400000000000000000e+01 6.977875548550699358e-01
7.000000000000000000e+00 1.500000000000000000e+01 7.818542623844844108e-01
7.000000000000000000e+00 1.600000000000000000e+01 6.525624907348012149e-01
7.000000000000000000e+00 1.700000000000000000e+01 5.706411866360304730e-01
7.000000000000000000e+00 1.800000000000000000e+01 5.524963616827589519e-01
7.000000000000000000e+00 1.900000000000000000e+01 5.134088252261082008e-01
7.000000000000000000e+00 2.000000000000000000e+01 6.912682075115308411e-01
8.000000000000000000e+00 1.000000000000000000e+00 6.066976898606073476e-01
8.000000000000000000e+00 2.000000000000000000e+00 7.334423538623824346e-01
8.000000000000000000e+00 3.000000000000000000e+00 7.364133726293879967e-01
8.000000000000000000e+00 4.000000000000000000e+00 7.746297370881414235e-01
8.000000000000000000e+00 5.000000000000000000e+00 7.369143459134088747e-01
8.000000000000000000e+00 6.000000000000000000e+00 7.656182290676860625e-01
8.000000000000000000e+00 7.000000000000000000e+00 7.874461793222088390e-01
8.000000000000000000e+00 9.000000000000000000e+00 5.363863990336620313e-01
8.000000000000000000e+00 1.000000000000000000e+01 7.006446084231607863e-01
8.000000000000000000e+00 1.100000000000000000e+01 7.381337689259238610e-01
8.000000000000000000e+00 1.200000000000000000e+01 6.709511868394378853e-01
8.000000000000000000e+00 1.300000000000000000e+01 7.112458930713455585e-01
8.000000000000000000e+00 1.400000000000000000e+01 5.856266945410588676e-01
8.000000000000000000e+00 1.500000000000000000e+01 7.769853101215217217e-01
8.000000000000000000e+00 1.600000000000000000e+01 5.649731830338595717e-01
8.000000000000000000e+00 1.700000000000000000e+01 6.592188411790972369e-01
8.000000000000000000e+00 1.800000000000000000e+01 7.044340137723470452e-01
8.000000000000000000e+00 1.900000000000000000e+01 6.963853553689025588e-01
8.000000000000000000e+00 2.000000000000000000e+01 6.408026669742750148e-01
9.000000000000000000e+00 1.000000000000000000e+00 6.850609430790230991e-01
9.000000000000000000e+00 2.000000000000000000e+00 5.528143987090193834e-01
9.000000000000000000e+00 3.000000000000000000e+00 6.791043107560493786e-01
9.000000000000000000e+00 4.000000000000000000e+00 5.878950318888116477e-01
9.000000000000000000e+00 5.000000000000000000e+00 5.577086094677810024e-01
9.000000000000000000e+00 6.000000000000000000e+00 6.829911442333047589e-01
9.000000000000000000e+00 7.000000000000000000e+00 7.376356807012107719e-01
9.000000000000000000e+00 8.000000000000000000e+00 5.979816983952997989e-01
9.000000000000000000e+00 1.000000000000000000e+01 5.540093800253922396e-01
9.000000000000000000e+00 1.100000000000000000e+01 5.780113857926150178e-01
9.000000000000000000e+00 1.200000000000000000e+01 6.088863829759697532e-01
9.000000000000000000e+00 1.300000000000000000e+01 5.596986327228063995e-01
9.000000000000000000e+00 1.400000000000000000e+01 6.218085277667042554e-01
9.000000000000000000e+00 1.500000000000000000e+01 5.489886514426612907e-01
9.000000000000000000e+00 1.600000000000000000e+01 5.057148281516137267e-01
9.000000000000000000e+00 1.700000000000000000e+01 6.262235602834207437e-01
9.000000000000000000e+00 1.800000000000000000e+01 7.619860378431053682e-01
9.000000000000000000e+00 1.900000000000000000e+01 5.265150953032193826e-01
9.000000000000000000e+00 2.000000000000000000e+01 7.801064594259610185e-01
1.000000000000000000e+01 1.000000000000000000e+00 6.331523588002345715e-01
1.000000000000000000e+01 2.000000000000000000e+00 7.251380833320446584e-01
1.000000000000000000e+01 3.000000000000000000e+00 6.696450832209517312e-01
1.000000000000000000e+01 4.000000000000000000e+00 5.617673764940548375e-01
1.000000000000000000e+01 5.000000000000000000e+00 7.439127313687698972e-01
1.000000000000000000e+01 6.000000000000000000e+00 7.886526965587956628e-01
1.000000000000000000e+01 7.000000000000000000e+00 6.701519661456392107e-01
1.000000000000000000e+01 8.000000000000000000e+00 7.643067878670235515e-01
1.000000000000000000e+01 9.000000000000000000e+00 5.173245544524929240e-01
1.000000000000000000e+01 1.100000000000000000e+01 7.750972072377846356e-01
1.000000000000000000e+01 1.200000000000000000e+01 5.291835286936129590e-01
1.000000000000000000e+01 1.300000000000000000e+01 6.976687148320284138e-01
1.000000000000000000e+01 1.400000000000000000e+01 5.204409563912819614e-01
1.000000000000000000e+01 1.500000000000000000e+01 6.172739341519244416e-01
1.000000000000000000e+01 1.600000000000000000e+01 6.344615776739788160e-01
1.000000000000000000e+01 1.700000000000000000e+01 7.607808316027873108e-01
1.000000000000000000e+01 1.800000000000000000e+01 7.069600395866864062e-01
1.000000000000000000e+01 1.900000000000000000e+01 6.300385248216480161e-01
1.000000000000000000e+01 2.000000000000000000e+01 5.568732080753016067e-01
1.100000000000000000e+01 1.000000000000000000e+00 7.478328099371222004e-01
1.100000000000000000e+01 2.000000000000000000e+00 6.573038715838972479e-01
1.100000000000000000e+01 3.000000000000000000e+00 6.300142476644070566e-01
1.100000000000000000e+01 4.000000000000000000e+00 5.517411288417156667e-01
1.100000000000000000e+01 5.000000000000000000e+00 7.989809935176189759e-01
1.100000000000000000e+01 6.000000000000000000e+00 7.463918040274069021e-01
1.100000000000000000e+01 7.000000000000000000e+00 6.544397064923719309e-01
1.100000000000000000e+01 8.000000000000000000e+00 7.331898040032805985e-01
1.100000000000000000e+01 9.000000000000000000e+00 6.598487919294589998e-01
1.100000000000000000e+01 1.000000000000000000e+01 5.461750392927469111e-01
1.100000000000000000e+01 1.200000000000000000e+01 6.039176665285045376e-01
1.100000000000000000e+01 1.300000000000000000e+01 6.809264107864404503e-01
1.100000000000000000e+01 1.400000000000000000e+01 5.459921886809963043e-01
1.100000000000000000e+01 1.500000000000000000e+01 5.724987292761010149e-01
1.100000000000000000e+01 1.600000000000000000e+01 5.379922312857164934e-01
1.100000000000000000e+01 1.700000000000000000e+01 5.528483754633095604e-01
1.100000000000000000e+01 1.800000000000000000e+01 7.968786730673362850e-01
1.100000000000000000e+01 1.900000000000000000e+01 5.045615960596766536e-01
1.100000000000000000e+01 2.000000000000000000e+01 5.167518162998083753e-01
1.200000000000000000e+01 1.000000000000000000e+00 5.280633079446491740e-01
1.200000000000000000e+01 2.000000000000000000e+00 5.420188513638043437e-01
1.200000000000000000e+01 3.000000000000000000e+00 6.479649324257570342e-01
1.200000000000000000e+01 4.000000000000000000e+00 6.819953320690972376e-01
1.200000000000000000e+01 5.000000000000000000e+00 7.223853733476841565e-01
1.200000000000000000e+01 6.000000000000000000e+00 7.130298083075863325e-01
1.200000000000000000e+01 7.000000000000000000e+00 6.132975291074583835e-01
1.200000000000000000e+01 8.000000000000000000e+00 5.300679440043440938e-01
1.200000000000000000e+01 9.000000000000000000e+00 5.941651433741814703e-01
1.200000000000000000e+01 1.000000000000000000e+01 7.474216266648263662e-01
1.200000000000000000e+01 1.100000000000000000e+01 5.752282679210612981e-01
1.200000000000000000e+01 1.300000000000000000e+01 5.482532087490048500e-01
1.200000000000000000e+01 1.400000000000000000e+01 6.469805966971635680e-01
1.200000000000000000e+01 1.500000000000000000e+01 6.283996208732478550e-01
1.200000000000000000e+01 1.600000000000000000e+01 7.588557004199567579e-01
1.200000000000000000e+01 1.700000000000000000e+01 7.049943545959165281e-01
1.200000000000000000e+01 1.800000000000000000e+01 7.367441242645873523e-01
1.200000000000000000e+01 1.900000000000000000e+01 7.995776474100045883e-01
1.200000000000000000e+01 2.000000000000000000e+01 5.677825945303716093e-01
1.300000000000000000e+01 1.000000000000000000e+00 6.412514973000704721e-01
1.300000000000000000e+01 2.000000000000000000e+00 6.361262550816652039e-01
1.300000000000000000e+01 3.000000000000000000e+00 6.295960404930189824e-01
1.300000000000000000e+01 4.000000000000000000e+00 6.619836685993987224e-01
1.300000000000000000e+01 5.000000000000000000e+00 5.989695605494537167e-01
1.300000000000000000e+01 6.000000000000000000e+00 5.870083008694227944e-01
1.300000000000000000e+01 7.000000000000000000e+00 5.243692005936352318e-01
1.300000000000000000e+01 8.000000000000000000e+00 7.126103860875270257e-01
1.300000000000000000e+01 9.000000000000000000e+00 7.306507737407772485e-01
1.300000000000000000e+01 1.000000000000000000e+01 5.011430595159545032e-01
1.300000000000000000e+01 1.100000000000000000e+01 5.538737810813888496e-01
1.300000000000000000e+01 1.200000000000000000e+01 7.319606370419471375e-01
1.300000000000000000e+01 1.400000000000000000e+01 6.595640449506561254e-01
1.300000000000000000e+01 1.500000000000000000e+01 7.139005893412655457e-01
1.300000000000000000e+01 1.600000000000000000e+01 5.149286577693896749e-01
1.300000000000000000e+01 1.700000000000000000e+01 6.138713683974764690e-01
1.300000000000000000e+01 1.800000000000000000e+01 5.150630593527502077e-01
1.300000000000000000e+01 1.900000000000000000e+01 5.603507507735915327e-01
1.300000000000000000e+01 2.000000000000000000e+01 5.098169997795368724e-01
1.400000000000000000e+01 1.000000000000000000e+00 5.225624727719584417e-01
1.400000000000000000e+01 2.000000000000000000e+00 5.086448923370073816e-01
1.400000000000000000e+01 3.000000000000000000e+00 5.904930070318802349e-01
1.400000000000000000e+01 4.000000000000000000e+00 6.836227784476367475e-01
1.400000000000000000e+01 5.000000000000000000e+00 7.062865128044792939e-01
1.400000000000000000e+01 6.000000000000000000e+00 5.350505746451251765e-01
1.400000000000000000e+01 7.000000000000000000e+00 7.000182662286152935e-01
1.400000000000000000e+01 8.000000000000000000e+00 7.945882104186681172e-01
1.400000000000000000e+01 9.000000000000000000e+00 5.014596645724663793e-01
1.400000000000000000e+01 1.000000000000000000e+01 7.815906191251691393e-01
1.400000000000000000e+01 1.100000000000000000e+01 7.926909832775681508e-01
1.400000000000000000e+01 1.200000000000000000e+01 6.175781583595232327e-01
1.400000000000000000e+01 1.300000000000000000e+01 7.233791926195360933e-01
1.400000000000000000e+01 1.500000000000000000e+01 7.982749486351838897e-01
1.400000000000000000e+01 1.600000000000000000e+01 5.516521793861068890e-01
1.400000000000000000e+01 1.700000000000000000e+01 5.575298298181626810e-01
1.400000000000000000e+01 1.800000000000000000e+01 7.669478629759872712e-01
1.400000000000000000e+01 1.900000000000000000e+01 7.988763224928639994e-01
1.400000000000000000e+01 2.000000000000000000e+01 5.206796290154709350e-01
1.500000000000000000e+01 1.000000000000000000e+00 5.324876337170035834e-01
1.500000000000000000e+01 2.000000000000000000e+00 6.862716853313480803e-01
1.500000000000000000e+01 3.000000000000000000e+00 5.067997758007811715e-01
1.500000000000000000e+01 4.000000000000000000e+00 6.890782984888292884e-01
1.500000000000000000e+01 5.000000000000000000e+00 6.070668311766606040e-01
1.500000000000000000e+01 6.000000000000000000e+00 5.076838999430940413e-01
1.500000000000000000e+01 7.000000000000000000e+00 6.074097346993393431e-01
1.500000000000000000e+01 8.000000000000000000e+00 5.893363089023788692e-01
1.500000000000000000e+01 9.000000000000000000e+00 5.152600946309942032e-01
1.500000000000000000e+01 1.000000000000000000e+01 7.389929812676809817e-01
1.500000000000000000e+01 1.100000000000000000e+01 6.107804467766688727e-01
1.500000000000000000e+01 1.200000000000000000e+01 5.585756745385962452e-01
1.500000000000000000e+01 1.300000000000000000e+01 7.811258206576663365e-01
1.500000000000000000e+01 1.400000000000000000e+01 7.956461828870173836e-01
1.500000000000000000e+01 1.600000000000000000e+01 5.992374073805604162e-01
1.500000000000000000e+01 1.700000000000000000e+01 5.375894474367032272e-01
1.500000000000000000e+01 1.800000000000000000e+01 7.359422630923908581e-01
1.500000000000000000e+01 1.900000000000000000e+01 5.043934896039011795e-01
1.500000000000000000e+01 2.000000000000000000e+01 7.859069606901578631e-01
1.600000000000000000e+01 1.000000000000000000e+00 7.023160985708233328e-01
1.600000000000000000e+01 2.000000000000000000e+00 5.631920747543671668e-01
1.600000000000000000e+01 3.000000000000000000e+00 7.276153722423945869e-01
1.600000000000000000e+01 4.000000000000000000e+00 7.001880403252154217e-01
1.600000000000000000e+01 5.000000000000000000e+00 5.968400564091453919e-01
1.600000000000000000e+01 6.000000000000000000e+00 6.317044550714401296e-01
1.600000000000000000e+01 7.000000000000000000e+00 6.634275155736883978e-01
1.600000000000000000e+01 8.000000000000000000e+00 7.140087562636612262e-01
1.600000000000000000e+01 9.000000000000000000e+00 5.799047582095915310e-01
1.600000000000000000e+01 1.000000000000000000e+01 5.020818130636437449e-01
1.600000000000000000e+01 1.100000000000000000e+01 7.190734341799940310e-01
1.600000000000000000e+01 1.200000000000000000e+01 6.194531860775958076e-01
1.600000000000000000e+01 1.300000000000000000e+01 6.214802720559610139e-01
1.600000000000000000e+01 1.400000000000000000e+01 6.214095466378450894e-01
1.600000000000000000e+01 1.500000000000000000e+01 6.499000436147410742e-01
1.600000000000000000e+01 1.700000000000000000e+01 7.236912350248476677e-01
1.600000000000000000e+01 1.800000000000000000e+01 5.664445130744395485e-01
1.600000000000000000e+01 1.900000000000000000e+01 6.084205389955786858e-01
1.600000000000000000e+01 2.000000000000000000e+01 5.790392473483396696e-01
1.700000000000000000e+01 1.000000000000000000e+00 5.394111793699983837e-01
1.700000000000000000e+01 2.000000000000000000e+00 7.098509182803749429e-01
1.700000000000000000e+01 3.000000000000000000e+00 6.528223494214013822e-01
1.700000000000000000e+01 4.000000000000000000e+00 7.378431822038847843e-01
1.700000000000000000e+01 5.000000000000000000e+00 5.289471693451929246e-01
1.700000000000000000e+01 6.000000000000000000e+00 6.571735960653686259e-01
1.700000000000000000e+01 7.000000000000000000e+00 5.155846148336922230e-01
1.700000000000000000e+01 8.000000000000000000e+00 7.857400608460212155e-01
1.700000000000000000e+01 9.000000000000000000e+00 7.553210329934380018e-01
1.700000000000000000e+01 1.000000000000000000e+01 6.079270627954520556e-01
1.700000000000000000e+01 1.100000000000000000e+01 6.832346068721635302e-01
1.700000000000000000e+01 1.200000000000000000e+01 7.779356698069057607e-01
1.700000000000000000e+01 1.300000000000000000e+01 5.414037647917704366e-01
1.700000000000000000e+01 1.400000000000000000e+01 5.388953027162515230e-01
1.700000000000000000e+01 1.500000000000000000e+01 6.556552398372706980e-01
1.700000000000000000e+01 1.600000000000000000e+01 7.123235221214985202e-01
1.700000000000000000e+01 1.800000000000000000e+01 7.661417523216464964e-01
1.700000000000000000e+01 1.900000000000000000e+01 5.133241441192676335e-01
1.700000000000000000e+01 2.000000000000000000e+01 6.805079624315860665e-01
1.800000000000000000e+01 1.000000000000000000e+00 7.049645455544153450e-01
1.800000000000000000e+01 2.000000000000000000e+00 6.325115540016243987e-01
1.800000000000000000e+01 3.000000000000000000e+00 6.247977858653502858e-01
1.800000000000000000e+01 4.000000000000000000e+00 5.408514239949665514e-01
1.800000000000000000e+01 5.000000000000000000e+00 7.428961754118753591e-01
1.800000000000000000e+01 6.000000000000000000e+00 6.479900068437763894e-01
1.800000000000000000e+01 7.000000000000000000e+00 6.243819544042097380e-01
1.800000000000000000e+01 8.000000000000000000e+00 5.194568513773589746e-01
1.800000000000000000e+01 9.000000000000000000e+00 6.249738145239274179e-01
1.800000000000000000e+01 1.000000000000000000e+01 6.866363713193193163e-01
1.800000000000000000e+01 1.100000000000000000e+01 7.987076091159144298e-01
1.800000000000000000e+01 1.200000000000000000e+01 7.417962417717285373e-01
1.800000000000000000e+01 1.300000000000000000e+01 5.422686751424938834e-01
1.800000000000000000e+01 1.400000000000000000e+01 6.017133741118197987e-01
1.800000000000000000e+01 1.500000000000000000e+01 6.981710758636248126e-01
1.800000000000000000e+01 1.600000000000000000e+01 6.544337708308144430e-01
1.800000000000000000e+01 1.700000000000000000e+01 5.339408519868141800e-01
1.800000000000000000e+01 1.900000000000000000e+01 5.936649089025528570e-01
1.800000000000000000e+01 2.000000000000000000e+01 5.794833040023952275e-01
1.900000000000000000e+01 1.000000000000000000e+00 6.573758958762696558e-01
1.900000000000000000e+01 2.000000000000000000e+00 7.220115808102618438e-01
1.900000000000000000e+01 3.000000000000000000e+00 6.886502828217512251e-01
1.900000000000000000e+01 4.000000000000000000e+00 5.300840391559884512e-01
1.900000000000000000e+01 5.000000000000000000e+00 5.794520839171338755e-01
1.900000000000000000e+01 6.000000000000000000e+00 7.357878703097011641e-01
1.900000000000000000e+01 7.000000000000000000e+00 6.467640471171685057e-01
1.900000000000000000e+01 8.000000000000000000e+00 5.406686034034022814e-01
1.900000000000000000e+01 9.000000000000000000e+00 6.484469391453767662e-01
1.900000000000000000e+01 1.000000000000000000e+01 7.084061161685674124e-01
1.900000000000000000e+01 1.100000000000000000e+01 5.909570809821792503e-01
1.900000000000000000e+01 1.200000000000000000e+01 5.285522662057806631e-01
1.900000000000000000e+01 1.300000000000000000e+01 7.575021497939409265e-01
1.900000000000000000e+01 1.400000000000000000e+01 5.246376870198000697e-01
1.900000000000000000e+01 1.500000000000000000e+01 7.164708678289399835e-01
1.900000000000000000e+01 1.600000000000000000e+01 7.971186746836144144e-01
1.900000000000000000e+01 1.700000000000000000e+01 6.221563468863945401e-01
1.900000000000000000e+01 1.800000000000000000e+01 6.747847071954431453e-01
1.900000000000000000e+01 2.000000000000000000e+01 7.379885905859469020e-01
2.000000000000000000e+01 1.000000000000000000e+00 7.010720078118136689e-01
2.000000000000000000e+01 2.000000000000000000e+00 5.906138528046039893e-01
2.000000000000000000e+01 3.000000000000000000e+00 6.444981756066712197e-01
2.000000000000000000e+01 4.000000000000000000e+00 5.021129221412957699e-01
2.000000000000000000e+01 5.000000000000000000e+00 5.270788191239371701e-01
2.000000000000000000e+01 6.000000000000000000e+00 7.592276647209712515e-01
2.000000000000000000e+01 7.000000000000000000e+00 7.800351123067181813e-01
2.000000000000000000e+01 8.000000000000000000e+00 6.313705773790820874e-01
2.000000000000000000e+01 9.000000000000000000e+00 5.962290177390077162e-01
2.000000000000000000e+01 1.000000000000000000e+01 5.941146874820628643e-01
2.000000000000000000e+01 1.100000000000000000e+01 7.473403459165026685e-01
2.000000000000000000e+01 1.200000000000000000e+01 7.823171090838687558e-01
2.000000000000000000e+01 1.300000000000000000e+01 6.402963942685191423e-01
2.000000000000000000e+01 1.400000000000000000e+01 6.605419964118842691e-01
2.000000000000000000e+01 1.500000000000000000e+01 7.223586260047296648e-01
2.000000000000000000e+01 1.600000000000000000e+01 6.339111699716137860e-01
2.000000000000000000e+01 1.700000000000000000e+01 6.661003899283148844e-01
2.000000000000000000e+01 1.800000000000000000e+01 5.882411496215320668e-01
2.000000000000000000e+01 1.900000000000000000e+01 5.573657256857470488e-01
