6.247284423093359962e-01
6.301899678840667818e-01
6.768506707088701724e-01
2.782936976850300392e-01
2.507252106741910680e-01
3.783226922917163337e-01
5.632176132946146163e-01
5.023682864263261383e-01
3.614262509771237752e-01
5.577429037018861724e-01
4.857695605613222001e-01
3.245063166300082846e-01
3.010132878436078130e-01
6.078984674856164894e-01
3.904101419406925677e-01
5.109164046621283983e-01
6.152452244777421031e-01
2.134086359399484656e-01
2.818053790605545283e-01
6.379798709679977975e-01
6.757303552266933355e-01
3.821778780906918138e-01
3.139283750640478043e-01
3.408831824785643061e-01
6.136848352944311857e-01
5.691423177317449511e-01
2.585776921544351015e-01
3.989476006349526038e-01
4.172643111804557048e-01
3.945372909561741803e-01
6.197107267293717747e-01
4.678566447193157063e-01
2.020234035544154483e-01
5.044571358969279773e-01
2.408427599876898917e-01
5.029042620598055402e-01
3.931542034288324494e-01
2.847694307043100448e-01
4.001430706499466972e-01
4.703637203742292994e-01
3.492879327801394762e-01
5.386733538222996387e-01
5.737616754712887568e-01
5.839517852227044115e-01
2.666100925535749289e-01
4.401166302921809548e-01
5.478613451925186117e-01
6.149331263758001098e-01
3.502947216905923922e-01
5.972240837071551844e-01
3.092277589167726770e-01
3.568608396996326704e-01
6.634102067815732529e-01
5.487211034339277704e-01
2.127883628061100207e-01
6.728464156922135952e-01
6.832574682466033833e-01
4.260018316597792287e-01
4.401065911387846974e-01
5.889280469103365112e-01
3.066451940367974638e-01
3.313536346222107909e-01
6.179578523235293996e-01
2.943761099799923620e-01
6.762443631574536207e-01
2.658347514974913062e-01
5.078215448224330242e-01
4.911937365299792191e-01
2.047680915239128430e-01
4.007697858214118725e-01
2.424745344754175025e-01
2.757468843392893443e-01
6.732542355089232711e-01
5.194477322815260756e-01
2.179172090076293422e-01
3.154398982161931153e-01
2.796132662723958551e-01
5.373345401363542884e-01
4.022001992909627344e-01
3.172907372627385980e-01
2.085368745127796908e-01
4.376730735149847451e-01
4.111552941621059443e-01
6.582727107969720270e-01
6.177526460828242083e-01
2.967795312721447920e-01
5.602403658853848389e-01
4.761988152334524771e-01
4.974962664412789226e-01
6.083190582746453856e-01
6.164677043826654046e-01
6.728279505691718843e-01
5.792745758081105922e-01
4.346457346308657543e-01
5.477667823387113444e-01
4.454850873149195367e-01
3.016923793014062438e-01
5.004441467471002492e-01
2.851172801428232817e-01
2.636534794536884441e-01
5.708705786699416196e-01
6.481349861091558751e-01
5.311881158054265750e-01
3.909252596154031423e-01
3.366568992417678929e-01
4.714869122463678508e-01
2.244110659303875654e-01
4.879781574261919941e-01
2.999243949019386180e-01
4.140899316948086772e-01
6.565399000361926696e-01
2.976522904690644400e-01
5.723821367021395545e-01
6.525119634040799088e-01
6.984415672308890155e-01
6.659214281148728709e-01
4.426770821455693339e-01
5.359766436481769869e-01
4.777839799175832014e-01
4.406976603325065689e-01
2.039165484578306375e-01
5.941426983966215936e-01
3.852336388369562714e-01
3.577673216935811640e-01
2.465998519364647756e-01
4.870762358322894281e-01
3.887690403072651124e-01
6.824800637984427265e-01
6.325598171533121095e-01
3.075257110804463512e-01
6.224889470398029534e-01
3.342149064244310797e-01
4.648537952416918473e-01
4.965465286827850377e-01
6.360838495950724703e-01
6.225209887117637564e-01
6.406486764630436870e-01
4.332456779037062722e-01
3.400379806553656126e-01
6.776075651105949449e-01
6.014118439600536492e-01
5.710415820076644167e-01
3.537024985632907237e-01
4.104061095714413021e-01
3.226418245648232097e-01
2.770952333013858571e-01
6.684719580916730353e-01
2.760587629160943246e-01
4.240393286658626915e-01
3.865320606730218156e-01
2.668717924517893247e-01
5.710938353173695692e-01
4.899012413197145199e-01
3.033743734803515668e-01
6.248651593972910367e-01
5.038994277328081584e-01
6.422119541096793505e-01
3.550384173785334774e-01
6.873201300528746227e-01
5.722416826399505663e-01
6.028223864632232809e-01
5.720795814835586413e-01
6.899979983677186901e-01
5.671850179579294160e-01
5.526859609939178686e-01
5.461541127083173741e-01
2.805198464453654283e-01
3.670251805559238134e-01
5.340363416582566414e-01
5.825213740425109199e-01
5.728211897496116034e-01
3.187100971662213400e-01
6.377551756213626355e-01
5.970536674883046846e-01
6.317900590881624368e-01
5.578954452419616628e-01
5.539071823796406502e-01
3.712306736958305153e-01
2.920698445016626232e-01
2.837388291689424968e-01
5.545432723580216994e-01
5.602008701512430910e-01
5.965505262780712581e-01
6.143566351553484406e-01
5.469964320248066336e-01
2.996468250858348448e-01
5.590290902485417490e-01
6.100207270714873564e-01
3.257901087885187730e-01
3.433235367775251401e-01
2.554595385082401027e-01
3.772550621669373827e-01
4.096691752748007342e-01
5.045416295056986966e-01
5.629970168518321216e-01
4.126839296427793347e-01
3.942193227630732544e-01
5.907187529466979559e-01
4.528845236084900194e-01
