1.062889224154761614e-01
8.533482427504515133e-01
2.612550627137246728e-01
7.024898088149739150e-01
2.061430276725861876e-01
5.835056419419386575e-01
2.790866171900993065e-01
3.954050136854633246e-01
3.451218701248336407e-01
5.869752518107702599e-01
8.538013025927357891e-01
3.477591047120323076e-01
5.449279949254637323e-01
4.970042879632261545e-01
7.228457462467315908e-01
7.635754302969597340e-01
6.525685639423630668e-01
1.724095574862702929e-01
7.904410983633924914e-01
6.098599962014603637e-01
9.488727041539877227e-01
7.110973709425367772e-01
5.414323067236340714e-01
9.854291036144697813e-01
9.061914356514129132e-01
5.284161097181019340e-01
5.780471813320184893e-01
9.894160803902518619e-02
9.108019977403916112e-01
9.869080893887050010e-02
7.280705129329156922e-01
5.116440787063535334e-01
3.045292227458717971e-01
3.498551262943083717e-02
8.642116372032397908e-01
6.934994098038459454e-01
4.335564351799608973e-01
2.592817854219910956e-01
9.354548593344733654e-01
5.729522474987193137e-01
1.831857592618343356e-01
7.352795303375238012e-01
4.158695275982875472e-01
7.968782555530353751e-01
7.118883114478476992e-01
8.035281113815184728e-02
2.193206851121857204e-01
5.379332387104394098e-01
6.907597998814261064e-01
5.525671868671462317e-01
4.431413118161682263e-01
3.615141638466912166e-01
1.441374921741558346e-01
6.217153130731783994e-01
6.275907527290758292e-02
2.247258358731334393e-01
1.303829976796465617e-01
4.395426605587910984e-01
6.438183691245139562e-01
4.609649893325148406e-01
8.411325315630705513e-01
6.424012240808797403e-01
6.220009616668703556e-01
6.854011782404695330e-01
4.272270795858305048e-01
4.795483831107462125e-01
3.383203739265616683e-01
5.315777717705332250e-01
4.957475622782576696e-01
2.999229274743633322e-01
1.456059941094641763e-01
5.203733756080823891e-01
8.037010982084002997e-01
3.530003694057126662e-01
5.607313403586239309e-01
7.405599950101392492e-01
3.628887151603810146e-01
8.375619801879696791e-02
4.445868144338281924e-01
5.868363512152198203e-01
7.656225271554318867e-01
5.301511868219810353e-03
1.949048650921105796e-01
1.312493723544494451e-02
4.816872520737285335e-01
7.628990227592380435e-01
6.956336367023752132e-02
1.936935238109627200e-02
3.106191515755929444e-02
4.809487024473323435e-01
7.841752300510023144e-01
3.915592738467145173e-01
9.091506676286811306e-01
1.124717414801439386e-01
2.591082621044279444e-01
7.998920781858047668e-01
1.138614275329278280e-01
4.713401953921042553e-01
6.348775410772846683e-01
8.943802258929758331e-01
4.539668150908894306e-01
2.024970539681769655e-02
6.215102303680075657e-01
1.463055667046683217e-01
1.877903831604578189e-01
6.172569751872266641e-01
1.963583446739994853e-01
5.339231836573444800e-01
1.570171039418963854e-01
5.698194606272579676e-01
2.786747638161822804e-01
3.558463654757039185e-01
7.070637133942935248e-01
5.938621839155474591e-01
6.584589933031712583e-01
9.017626588392289033e-01
8.781348970715143754e-01
7.162908153774785180e-01
8.668828413588537396e-01
1.436184486925108361e-01
3.385995665824095280e-01
1.316215126050984674e-01
8.465821812141008929e-01
4.194893486359950741e-01
7.071611733371652164e-02
3.661687314670694082e-01
6.314366715029906540e-02
5.771053693961769593e-01
8.824117469759122923e-01
6.487802018125785608e-01
1.737041341333742661e-01
1.582454289724196661e-01
2.625557601521024687e-01
1.525427035414965715e-01
3.984862346804063371e-03
4.042493422225751365e-01
8.650939034919780113e-02
3.365851041771105168e-01
7.999825041951679205e-01
7.574451433997380079e-01
2.886050720428097183e-01
8.689339660777284369e-02
3.007413381992872781e-01
7.415818707510538621e-01
7.308018573357779601e-01
2.009048915948952185e-01
1.525030307505821359e-01
4.921763709368021100e-02
3.299545141676299975e-01
2.701923216590821353e-01
3.431954049022113429e-01
9.798218775683871229e-01
9.278754973080556301e-01
3.496592998586236511e-01
7.065689552393694672e-02
8.203586865962549934e-01
9.825028924228713656e-01
7.561439201720413505e-01
9.752356121914533826e-01
4.824949552578738921e-01
4.889148229763885523e-01
1.911374028563188610e-01
3.567013823706312037e-01
4.955725790713851886e-01
8.557468494490070299e-01
6.228128226303829562e-01
2.959602410000866657e-01
3.659088352978547842e-01
9.846776941571717678e-01
9.659497094093527636e-02
2.450648976432949766e-01
6.112211330912626917e-01
1.146453976007273390e-01
5.466201691567362797e-02
3.792274770116409455e-01
9.256846283754347482e-01
5.691783661903160318e-01
6.218828062256427369e-01
9.503862497015437283e-01
7.610469028207544895e-02
9.656525315307841195e-01
9.168072542866185781e-01
5.703604600191902740e-02
3.391416347550413324e-02
6.377539900142806806e-01
5.612442591308915985e-01
9.492824004339005528e-01
8.195690281748791994e-01
4.409355049528166370e-01
1.970724764112601335e-01
1.032734688885461605e-01
5.868224078168302604e-01
6.132688725846312527e-01
5.569392258347434232e-01
1.483989209051913560e-01
6.111813098129151856e-01
6.527528859858300336e-01
4.831910300057969954e-01
1.988245717717082028e-01
