6.950865153582976852e-01
6.690936123257629209e-01
6.820515941305206331e-01
6.462001818091145378e-01
6.165570013653245418e-01
6.349547264086964349e-01
6.418488384649878586e-01
6.024452918614663366e-01
6.420669874362656682e-01
6.897049190256729911e-01
6.567106895309531289e-01
6.899981856252898060e-01
6.398743275548171017e-01
6.378705466137631896e-01
6.720942514324947936e-01
6.171720571350931550e-01
6.877169541896251959e-01
6.083367381410942354e-01
6.018493840600752653e-01
6.356059037511896381e-01
6.147519392162357210e-01
6.974148282633809703e-01
6.427646135768302349e-01
6.207347290473526069e-01
6.932369362027498427e-01
6.148614066845272674e-01
6.351914958845590320e-01
6.309541049903395482e-01
6.388923627588031229e-01
6.608319295885421996e-01
6.649149887700388506e-01
6.306858419915947200e-01
6.661686661739328885e-01
6.823795663360950892e-01
6.266577161522731698e-01
6.537672358711337228e-01
6.782143176784266592e-01
6.608117807554485523e-01
6.757329156082830801e-01
6.300268621881078834e-01
6.958286654202644472e-01
6.012815833558543543e-01
6.269528287797846433e-01
6.418341192812624385e-01
6.742117512950729363e-01
6.904438158765370259e-01
6.084102562336107800e-01
6.883479074904321759e-01
6.196108293360956809e-01
6.970606659616681577e-01
6.474805157959570012e-01
6.653293539676758961e-01
6.555066373251491330e-01
6.648860516707921775e-01
6.373605052350523881e-01
6.024453828488720575e-01
6.318596082891395627e-01
6.555772571965163831e-01
6.851901718552638743e-01
6.374369476211623198e-01
6.669588241473496382e-01
6.714873312526405957e-01
6.834408474757401875e-01
6.954951735839651761e-01
6.985865557980963647e-01
6.140978308646289907e-01
6.535722010301832086e-01
6.248277085844375911e-01
6.608334214163624765e-01
6.537338513100671156e-01
6.312272347712094556e-01
6.447201487054972091e-01
6.769200086523612381e-01
6.348581466988058031e-01
6.566719245022450968e-01
6.503104324151920412e-01
6.837706735729598417e-01
6.975697980966738543e-01
6.903342344815126541e-01
6.865733478439446369e-01
6.336473955942401037e-01
6.386017446386288432e-01
6.118303321833044039e-01
6.931757168073147124e-01
6.259216771830625747e-01
6.604236409821033771e-01
6.251354563383678675e-01
6.578952952328758208e-01
6.245990516837864881e-01
6.069248690057317264e-01
6.375302944657915694e-01
6.770079233090720017e-01
6.074030071721384649e-01
6.539923550459911805e-01
6.443760391916244501e-01
6.109566026896561253e-01
6.799437522965763314e-01
6.000724231967755617e-01
6.725467760144652196e-01
6.373971342593791611e-01
6.671413818304007259e-01
6.702372517848231848e-01
6.354198881271284627e-01
6.274543748932813747e-01
6.750577234730966714e-01
6.105879833193789130e-01
6.086611211753949480e-01
6.236817848881043291e-01
6.181365874656373771e-01
6.868059668142505458e-01
6.877127108704134129e-01
6.315909506621200098e-01
6.400228634103738434e-01
6.074935963419886287e-01
6.053786255270363625e-01
6.594619658153791919e-01
6.048710920454791751e-01
6.604066863223102546e-01
6.882532580818735424e-01
6.613578235409510730e-01
6.479092101663119774e-01
6.187685090977764757e-01
6.599295746791963291e-01
6.206164769398623271e-01
6.921990326829471352e-01
6.006859121945152813e-01
6.734284978984553804e-01
6.119367952050119852e-01
6.751930363719813588e-01
6.407392360702992562e-01
6.084993286054504180e-01
6.482549665146766227e-01
6.890211271590166442e-01
6.885448100546814887e-01
6.663304802929519433e-01
6.137841381863858858e-01
6.437095244066557420e-01
6.090654855483683683e-01
6.464659855250225462e-01
6.646274325235250746e-01
6.910572854263739018e-01
6.261817780111215148e-01
6.663425747550111300e-01
6.167829111368209327e-01
6.046229351476081204e-01
6.271361495654795837e-01
6.825430377202243992e-01
6.069852118009856357e-01
6.929885377972537785e-01
6.001900512821546352e-01
6.008478034984362504e-01
6.360806694347908019e-01
6.833384136997684433e-01
6.073634498787008340e-01
6.778446109252949103e-01
6.623677795278283265e-01
6.247824884045518612e-01
6.403186594801960618e-01
6.970253072702249364e-01
6.473747872423748495e-01
6.931697855307569212e-01
6.635572257706848776e-01
6.734917470328306566e-01
6.597307894704410591e-01
6.690611781224604648e-01
6.382342092279005286e-01
6.235624154499904703e-01
6.074928554259767521e-01
6.913752630469615079e-01
6.622996643965143315e-01
6.560942850836942730e-01
6.264192079973034399e-01
6.353251579424135098e-01
6.080684950738609595e-01
6.674662015289845041e-01
6.021110701116034747e-01
6.107041622937529057e-01
6.389429110605646667e-01
6.565601813548932464e-01
6.527319958716998327e-01
6.115483002308979010e-01
6.468791703156889783e-01
6.309880633563195174e-01
6.919329393161428587e-01
6.865683167919036656e-01
6.302412169500930528e-01
6.526238405686408672e-01
6.633939111156532675e-01
6.766434441546859135e-01
6.105847281898501011e-01
6.700111873982224076e-01
6.729809151777103038e-01
6.511212448680574472e-01
6.297833250588618093e-01
6.011744803647134372e-01
6.167555899487550120e-01
6.908670737240268922e-01
6.465449262005811271e-01
6.917085347944321727e-01
